1 1 1 1 
2 1 1 1 
4 1 1 1 
5 1 1 1 
10 1 1 1 
20 1 1 1 
25 1 1 1 
50 1 1 1 
100 1 1 1 
1 2 1 1 
2 2 1 1 
4 2 1 1 
5 2 1 1 
10 2 1 1 
20 2 1 1 
25 2 1 1 
50 2 1 1 
100 2 1 1 
1 4 1 1 
2 4 1 1 
4 4 1 1 
5 4 1 1 
10 4 1 1 
20 4 1 1 
25 4 1 1 
50 4 1 1 
100 4 1 1 
1 5 1 1 
2 5 1 1 
4 5 1 1 
5 5 1 1 
10 5 1 1 
20 5 1 1 
25 5 1 1 
50 5 1 1 
100 5 1 1 
1 10 1 1 
2 10 1 1 
4 10 1 1 
5 10 1 1 
10 10 1 1 
20 10 1 1 
25 10 1 1 
50 10 1 1 
100 10 1 1 
1 20 1 1 
2 20 1 1 
4 20 1 1 
5 20 1 1 
10 20 1 1 
20 20 1 1 
25 20 1 1 
50 20 1 1 
100 20 1 1 
1 25 1 1 
2 25 1 1 
4 25 1 1 
5 25 1 1 
10 25 1 1 
20 25 1 1 
25 25 1 1 
50 25 1 1 
100 25 1 1 
1 50 1 1 
2 50 1 1 
4 50 1 1 
5 50 1 1 
10 50 1 1 
20 50 1 1 
25 50 1 1 
50 50 1 1 
100 50 1 1 
1 100 1 1 
2 100 1 1 
4 100 1 1 
5 100 1 1 
10 100 1 1 
20 100 1 1 
25 100 1 1 
50 100 1 1 
100 100 1 1 
1 1 2 1 
2 1 2 1 
4 1 2 1 
5 1 2 1 
10 1 2 1 
20 1 2 1 
25 1 2 1 
50 1 2 1 
100 1 2 1 
1 2 2 1 
2 2 2 1 
4 2 2 1 
5 2 2 1 
10 2 2 1 
20 2 2 1 
25 2 2 1 
50 2 2 1 
100 2 2 1 
1 4 2 1 
2 4 2 1 
4 4 2 1 
5 4 2 1 
10 4 2 1 
20 4 2 1 
25 4 2 1 
50 4 2 1 
100 4 2 1 
1 5 2 1 
2 5 2 1 
4 5 2 1 
5 5 2 1 
10 5 2 1 
20 5 2 1 
25 5 2 1 
50 5 2 1 
100 5 2 1 
1 10 2 1 
2 10 2 1 
4 10 2 1 
5 10 2 1 
10 10 2 1 
20 10 2 1 
25 10 2 1 
50 10 2 1 
100 10 2 1 
1 20 2 1 
2 20 2 1 
4 20 2 1 
5 20 2 1 
10 20 2 1 
20 20 2 1 
25 20 2 1 
50 20 2 1 
100 20 2 1 
1 25 2 1 
2 25 2 1 
4 25 2 1 
5 25 2 1 
10 25 2 1 
20 25 2 1 
25 25 2 1 
50 25 2 1 
100 25 2 1 
1 50 2 1 
2 50 2 1 
4 50 2 1 
5 50 2 1 
10 50 2 1 
20 50 2 1 
25 50 2 1 
50 50 2 1 
100 50 2 1 
1 100 2 1 
2 100 2 1 
4 100 2 1 
5 100 2 1 
10 100 2 1 
20 100 2 1 
25 100 2 1 
50 100 2 1 
100 100 2 1 
1 1 4 1 
2 1 4 1 
4 1 4 1 
5 1 4 1 
10 1 4 1 
20 1 4 1 
25 1 4 1 
50 1 4 1 
100 1 4 1 
1 2 4 1 
2 2 4 1 
4 2 4 1 
5 2 4 1 
10 2 4 1 
20 2 4 1 
25 2 4 1 
50 2 4 1 
100 2 4 1 
1 4 4 1 
2 4 4 1 
4 4 4 1 
5 4 4 1 
10 4 4 1 
20 4 4 1 
25 4 4 1 
50 4 4 1 
100 4 4 1 
1 5 4 1 
2 5 4 1 
4 5 4 1 
5 5 4 1 
10 5 4 1 
20 5 4 1 
25 5 4 1 
50 5 4 1 
100 5 4 1 
1 10 4 1 
2 10 4 1 
4 10 4 1 
5 10 4 1 
10 10 4 1 
20 10 4 1 
25 10 4 1 
50 10 4 1 
100 10 4 1 
1 20 4 1 
2 20 4 1 
4 20 4 1 
5 20 4 1 
10 20 4 1 
20 20 4 1 
25 20 4 1 
50 20 4 1 
100 20 4 1 
1 25 4 1 
2 25 4 1 
4 25 4 1 
5 25 4 1 
10 25 4 1 
20 25 4 1 
25 25 4 1 
50 25 4 1 
100 25 4 1 
1 50 4 1 
2 50 4 1 
4 50 4 1 
5 50 4 1 
10 50 4 1 
20 50 4 1 
25 50 4 1 
50 50 4 1 
100 50 4 1 
1 100 4 1 
2 100 4 1 
4 100 4 1 
5 100 4 1 
10 100 4 1 
20 100 4 1 
25 100 4 1 
50 100 4 1 
100 100 4 1 
1 1 5 1 
2 1 5 1 
4 1 5 1 
5 1 5 1 
10 1 5 1 
20 1 5 1 
25 1 5 1 
50 1 5 1 
100 1 5 1 
1 2 5 1 
2 2 5 1 
4 2 5 1 
5 2 5 1 
10 2 5 1 
20 2 5 1 
25 2 5 1 
50 2 5 1 
100 2 5 1 
1 4 5 1 
2 4 5 1 
4 4 5 1 
5 4 5 1 
10 4 5 1 
20 4 5 1 
25 4 5 1 
50 4 5 1 
100 4 5 1 
1 5 5 1 
2 5 5 1 
4 5 5 1 
5 5 5 1 
10 5 5 1 
20 5 5 1 
25 5 5 1 
50 5 5 1 
100 5 5 1 
1 10 5 1 
2 10 5 1 
4 10 5 1 
5 10 5 1 
10 10 5 1 
20 10 5 1 
25 10 5 1 
50 10 5 1 
100 10 5 1 
1 20 5 1 
2 20 5 1 
4 20 5 1 
5 20 5 1 
10 20 5 1 
20 20 5 1 
25 20 5 1 
50 20 5 1 
100 20 5 1 
1 25 5 1 
2 25 5 1 
4 25 5 1 
5 25 5 1 
10 25 5 1 
20 25 5 1 
25 25 5 1 
50 25 5 1 
100 25 5 1 
1 50 5 1 
2 50 5 1 
4 50 5 1 
5 50 5 1 
10 50 5 1 
20 50 5 1 
25 50 5 1 
50 50 5 1 
100 50 5 1 
1 100 5 1 
2 100 5 1 
4 100 5 1 
5 100 5 1 
10 100 5 1 
20 100 5 1 
25 100 5 1 
50 100 5 1 
100 100 5 1 
1 1 10 1 
2 1 10 1 
4 1 10 1 
5 1 10 1 
10 1 10 1 
20 1 10 1 
25 1 10 1 
50 1 10 1 
100 1 10 1 
1 2 10 1 
2 2 10 1 
4 2 10 1 
5 2 10 1 
10 2 10 1 
20 2 10 1 
25 2 10 1 
50 2 10 1 
100 2 10 1 
1 4 10 1 
2 4 10 1 
4 4 10 1 
5 4 10 1 
10 4 10 1 
20 4 10 1 
25 4 10 1 
50 4 10 1 
100 4 10 1 
1 5 10 1 
2 5 10 1 
4 5 10 1 
5 5 10 1 
10 5 10 1 
20 5 10 1 
25 5 10 1 
50 5 10 1 
100 5 10 1 
1 10 10 1 
2 10 10 1 
4 10 10 1 
5 10 10 1 
10 10 10 1 
20 10 10 1 
25 10 10 1 
50 10 10 1 
100 10 10 1 
1 20 10 1 
2 20 10 1 
4 20 10 1 
5 20 10 1 
10 20 10 1 
20 20 10 1 
25 20 10 1 
50 20 10 1 
100 20 10 1 
1 25 10 1 
2 25 10 1 
4 25 10 1 
5 25 10 1 
10 25 10 1 
20 25 10 1 
25 25 10 1 
50 25 10 1 
100 25 10 1 
1 50 10 1 
2 50 10 1 
4 50 10 1 
5 50 10 1 
10 50 10 1 
20 50 10 1 
25 50 10 1 
50 50 10 1 
100 50 10 1 
1 100 10 1 
2 100 10 1 
4 100 10 1 
5 100 10 1 
10 100 10 1 
20 100 10 1 
25 100 10 1 
50 100 10 1 
100 100 10 1 
1 1 20 1 
2 1 20 1 
4 1 20 1 
5 1 20 1 
10 1 20 1 
20 1 20 1 
25 1 20 1 
50 1 20 1 
100 1 20 1 
1 2 20 1 
2 2 20 1 
4 2 20 1 
5 2 20 1 
10 2 20 1 
20 2 20 1 
25 2 20 1 
50 2 20 1 
100 2 20 1 
1 4 20 1 
2 4 20 1 
4 4 20 1 
5 4 20 1 
10 4 20 1 
20 4 20 1 
25 4 20 1 
50 4 20 1 
100 4 20 1 
1 5 20 1 
2 5 20 1 
4 5 20 1 
5 5 20 1 
10 5 20 1 
20 5 20 1 
25 5 20 1 
50 5 20 1 
100 5 20 1 
1 10 20 1 
2 10 20 1 
4 10 20 1 
5 10 20 1 
10 10 20 1 
20 10 20 1 
25 10 20 1 
50 10 20 1 
100 10 20 1 
1 20 20 1 
2 20 20 1 
4 20 20 1 
5 20 20 1 
10 20 20 1 
20 20 20 1 
25 20 20 1 
50 20 20 1 
100 20 20 1 
1 25 20 1 
2 25 20 1 
4 25 20 1 
5 25 20 1 
10 25 20 1 
20 25 20 1 
25 25 20 1 
50 25 20 1 
100 25 20 1 
1 50 20 1 
2 50 20 1 
4 50 20 1 
5 50 20 1 
10 50 20 1 
20 50 20 1 
25 50 20 1 
50 50 20 1 
100 50 20 1 
1 100 20 1 
2 100 20 1 
4 100 20 1 
5 100 20 1 
10 100 20 1 
20 100 20 1 
25 100 20 1 
50 100 20 1 
100 100 20 1 
1 1 25 1 
2 1 25 1 
4 1 25 1 
5 1 25 1 
10 1 25 1 
20 1 25 1 
25 1 25 1 
50 1 25 1 
100 1 25 1 
1 2 25 1 
2 2 25 1 
4 2 25 1 
5 2 25 1 
10 2 25 1 
20 2 25 1 
25 2 25 1 
50 2 25 1 
100 2 25 1 
1 4 25 1 
2 4 25 1 
4 4 25 1 
5 4 25 1 
10 4 25 1 
20 4 25 1 
25 4 25 1 
50 4 25 1 
100 4 25 1 
1 5 25 1 
2 5 25 1 
4 5 25 1 
5 5 25 1 
10 5 25 1 
20 5 25 1 
25 5 25 1 
50 5 25 1 
100 5 25 1 
1 10 25 1 
2 10 25 1 
4 10 25 1 
5 10 25 1 
10 10 25 1 
20 10 25 1 
25 10 25 1 
50 10 25 1 
100 10 25 1 
1 20 25 1 
2 20 25 1 
4 20 25 1 
5 20 25 1 
10 20 25 1 
20 20 25 1 
25 20 25 1 
50 20 25 1 
100 20 25 1 
1 25 25 1 
2 25 25 1 
4 25 25 1 
5 25 25 1 
10 25 25 1 
20 25 25 1 
25 25 25 1 
50 25 25 1 
100 25 25 1 
1 50 25 1 
2 50 25 1 
4 50 25 1 
5 50 25 1 
10 50 25 1 
20 50 25 1 
25 50 25 1 
50 50 25 1 
100 50 25 1 
1 100 25 1 
2 100 25 1 
4 100 25 1 
5 100 25 1 
10 100 25 1 
20 100 25 1 
25 100 25 1 
50 100 25 1 
100 100 25 1 
1 1 50 1 
2 1 50 1 
4 1 50 1 
5 1 50 1 
10 1 50 1 
20 1 50 1 
25 1 50 1 
50 1 50 1 
100 1 50 1 
1 2 50 1 
2 2 50 1 
4 2 50 1 
5 2 50 1 
10 2 50 1 
20 2 50 1 
25 2 50 1 
50 2 50 1 
100 2 50 1 
1 4 50 1 
2 4 50 1 
4 4 50 1 
5 4 50 1 
10 4 50 1 
20 4 50 1 
25 4 50 1 
50 4 50 1 
100 4 50 1 
1 5 50 1 
2 5 50 1 
4 5 50 1 
5 5 50 1 
10 5 50 1 
20 5 50 1 
25 5 50 1 
50 5 50 1 
100 5 50 1 
1 10 50 1 
2 10 50 1 
4 10 50 1 
5 10 50 1 
10 10 50 1 
20 10 50 1 
25 10 50 1 
50 10 50 1 
100 10 50 1 
1 20 50 1 
2 20 50 1 
4 20 50 1 
5 20 50 1 
10 20 50 1 
20 20 50 1 
25 20 50 1 
50 20 50 1 
100 20 50 1 
1 25 50 1 
2 25 50 1 
4 25 50 1 
5 25 50 1 
10 25 50 1 
20 25 50 1 
25 25 50 1 
50 25 50 1 
100 25 50 1 
1 50 50 1 
2 50 50 1 
4 50 50 1 
5 50 50 1 
10 50 50 1 
20 50 50 1 
25 50 50 1 
50 50 50 1 
100 50 50 1 
1 100 50 1 
2 100 50 1 
4 100 50 1 
5 100 50 1 
10 100 50 1 
20 100 50 1 
25 100 50 1 
50 100 50 1 
100 100 50 1 
1 1 100 1 
2 1 100 1 
4 1 100 1 
5 1 100 1 
10 1 100 1 
20 1 100 1 
25 1 100 1 
50 1 100 1 
100 1 100 1 
1 2 100 1 
2 2 100 1 
4 2 100 1 
5 2 100 1 
10 2 100 1 
20 2 100 1 
25 2 100 1 
50 2 100 1 
100 2 100 1 
1 4 100 1 
2 4 100 1 
4 4 100 1 
5 4 100 1 
10 4 100 1 
20 4 100 1 
25 4 100 1 
50 4 100 1 
100 4 100 1 
1 5 100 1 
2 5 100 1 
4 5 100 1 
5 5 100 1 
10 5 100 1 
20 5 100 1 
25 5 100 1 
50 5 100 1 
100 5 100 1 
1 10 100 1 
2 10 100 1 
4 10 100 1 
5 10 100 1 
10 10 100 1 
20 10 100 1 
25 10 100 1 
50 10 100 1 
100 10 100 1 
1 20 100 1 
2 20 100 1 
4 20 100 1 
5 20 100 1 
10 20 100 1 
20 20 100 1 
25 20 100 1 
50 20 100 1 
100 20 100 1 
1 25 100 1 
2 25 100 1 
4 25 100 1 
5 25 100 1 
10 25 100 1 
20 25 100 1 
25 25 100 1 
50 25 100 1 
100 25 100 1 
1 50 100 1 
2 50 100 1 
4 50 100 1 
5 50 100 1 
10 50 100 1 
20 50 100 1 
25 50 100 1 
50 50 100 1 
100 50 100 1 
1 100 100 1 
2 100 100 1 
4 100 100 1 
5 100 100 1 
10 100 100 1 
20 100 100 1 
25 100 100 1 
50 100 100 1 
100 100 100 1 
1 1 1 2 
2 1 1 2 
4 1 1 2 
5 1 1 2 
10 1 1 2 
20 1 1 2 
25 1 1 2 
50 1 1 2 
100 1 1 2 
1 2 1 2 
2 2 1 2 
4 2 1 2 
5 2 1 2 
10 2 1 2 
20 2 1 2 
25 2 1 2 
50 2 1 2 
100 2 1 2 
1 4 1 2 
2 4 1 2 
4 4 1 2 
5 4 1 2 
10 4 1 2 
20 4 1 2 
25 4 1 2 
50 4 1 2 
100 4 1 2 
1 5 1 2 
2 5 1 2 
4 5 1 2 
5 5 1 2 
10 5 1 2 
20 5 1 2 
25 5 1 2 
50 5 1 2 
100 5 1 2 
1 10 1 2 
2 10 1 2 
4 10 1 2 
5 10 1 2 
10 10 1 2 
20 10 1 2 
25 10 1 2 
50 10 1 2 
100 10 1 2 
1 20 1 2 
2 20 1 2 
4 20 1 2 
5 20 1 2 
10 20 1 2 
20 20 1 2 
25 20 1 2 
50 20 1 2 
100 20 1 2 
1 25 1 2 
2 25 1 2 
4 25 1 2 
5 25 1 2 
10 25 1 2 
20 25 1 2 
25 25 1 2 
50 25 1 2 
100 25 1 2 
1 50 1 2 
2 50 1 2 
4 50 1 2 
5 50 1 2 
10 50 1 2 
20 50 1 2 
25 50 1 2 
50 50 1 2 
100 50 1 2 
1 100 1 2 
2 100 1 2 
4 100 1 2 
5 100 1 2 
10 100 1 2 
20 100 1 2 
25 100 1 2 
50 100 1 2 
100 100 1 2 
1 1 2 2 
2 1 2 2 
4 1 2 2 
5 1 2 2 
10 1 2 2 
20 1 2 2 
25 1 2 2 
50 1 2 2 
100 1 2 2 
1 2 2 2 
2 2 2 2 
4 2 2 2 
5 2 2 2 
10 2 2 2 
20 2 2 2 
25 2 2 2 
50 2 2 2 
100 2 2 2 
1 4 2 2 
2 4 2 2 
4 4 2 2 
5 4 2 2 
10 4 2 2 
20 4 2 2 
25 4 2 2 
50 4 2 2 
100 4 2 2 
1 5 2 2 
2 5 2 2 
4 5 2 2 
5 5 2 2 
10 5 2 2 
20 5 2 2 
25 5 2 2 
50 5 2 2 
100 5 2 2 
1 10 2 2 
2 10 2 2 
4 10 2 2 
5 10 2 2 
10 10 2 2 
20 10 2 2 
25 10 2 2 
50 10 2 2 
100 10 2 2 
1 20 2 2 
2 20 2 2 
4 20 2 2 
5 20 2 2 
10 20 2 2 
20 20 2 2 
25 20 2 2 
50 20 2 2 
100 20 2 2 
1 25 2 2 
2 25 2 2 
4 25 2 2 
5 25 2 2 
10 25 2 2 
20 25 2 2 
25 25 2 2 
50 25 2 2 
100 25 2 2 
1 50 2 2 
2 50 2 2 
4 50 2 2 
5 50 2 2 
10 50 2 2 
20 50 2 2 
25 50 2 2 
50 50 2 2 
100 50 2 2 
1 100 2 2 
2 100 2 2 
4 100 2 2 
5 100 2 2 
10 100 2 2 
20 100 2 2 
25 100 2 2 
50 100 2 2 
100 100 2 2 
1 1 4 2 
2 1 4 2 
4 1 4 2 
5 1 4 2 
10 1 4 2 
20 1 4 2 
25 1 4 2 
50 1 4 2 
100 1 4 2 
1 2 4 2 
2 2 4 2 
4 2 4 2 
5 2 4 2 
10 2 4 2 
20 2 4 2 
25 2 4 2 
50 2 4 2 
100 2 4 2 
1 4 4 2 
2 4 4 2 
4 4 4 2 
5 4 4 2 
10 4 4 2 
20 4 4 2 
25 4 4 2 
50 4 4 2 
100 4 4 2 
1 5 4 2 
2 5 4 2 
4 5 4 2 
5 5 4 2 
10 5 4 2 
20 5 4 2 
25 5 4 2 
50 5 4 2 
100 5 4 2 
1 10 4 2 
2 10 4 2 
4 10 4 2 
5 10 4 2 
10 10 4 2 
20 10 4 2 
25 10 4 2 
50 10 4 2 
100 10 4 2 
1 20 4 2 
2 20 4 2 
4 20 4 2 
5 20 4 2 
10 20 4 2 
20 20 4 2 
25 20 4 2 
50 20 4 2 
100 20 4 2 
1 25 4 2 
2 25 4 2 
4 25 4 2 
5 25 4 2 
10 25 4 2 
20 25 4 2 
25 25 4 2 
50 25 4 2 
100 25 4 2 
1 50 4 2 
2 50 4 2 
4 50 4 2 
5 50 4 2 
10 50 4 2 
20 50 4 2 
25 50 4 2 
50 50 4 2 
100 50 4 2 
1 100 4 2 
2 100 4 2 
4 100 4 2 
5 100 4 2 
10 100 4 2 
20 100 4 2 
25 100 4 2 
50 100 4 2 
100 100 4 2 
1 1 5 2 
2 1 5 2 
4 1 5 2 
5 1 5 2 
10 1 5 2 
20 1 5 2 
25 1 5 2 
50 1 5 2 
100 1 5 2 
1 2 5 2 
2 2 5 2 
4 2 5 2 
5 2 5 2 
10 2 5 2 
20 2 5 2 
25 2 5 2 
50 2 5 2 
100 2 5 2 
1 4 5 2 
2 4 5 2 
4 4 5 2 
5 4 5 2 
10 4 5 2 
20 4 5 2 
25 4 5 2 
50 4 5 2 
100 4 5 2 
1 5 5 2 
2 5 5 2 
4 5 5 2 
5 5 5 2 
10 5 5 2 
20 5 5 2 
25 5 5 2 
50 5 5 2 
100 5 5 2 
1 10 5 2 
2 10 5 2 
4 10 5 2 
5 10 5 2 
10 10 5 2 
20 10 5 2 
25 10 5 2 
50 10 5 2 
100 10 5 2 
1 20 5 2 
2 20 5 2 
4 20 5 2 
5 20 5 2 
10 20 5 2 
20 20 5 2 
25 20 5 2 
50 20 5 2 
100 20 5 2 
1 25 5 2 
2 25 5 2 
4 25 5 2 
5 25 5 2 
10 25 5 2 
20 25 5 2 
25 25 5 2 
50 25 5 2 
100 25 5 2 
1 50 5 2 
2 50 5 2 
4 50 5 2 
5 50 5 2 
10 50 5 2 
20 50 5 2 
25 50 5 2 
50 50 5 2 
100 50 5 2 
1 100 5 2 
2 100 5 2 
4 100 5 2 
5 100 5 2 
10 100 5 2 
20 100 5 2 
25 100 5 2 
50 100 5 2 
100 100 5 2 
1 1 10 2 
2 1 10 2 
4 1 10 2 
5 1 10 2 
10 1 10 2 
20 1 10 2 
25 1 10 2 
50 1 10 2 
100 1 10 2 
1 2 10 2 
2 2 10 2 
4 2 10 2 
5 2 10 2 
10 2 10 2 
20 2 10 2 
25 2 10 2 
50 2 10 2 
100 2 10 2 
1 4 10 2 
2 4 10 2 
4 4 10 2 
5 4 10 2 
10 4 10 2 
20 4 10 2 
25 4 10 2 
50 4 10 2 
100 4 10 2 
1 5 10 2 
2 5 10 2 
4 5 10 2 
5 5 10 2 
10 5 10 2 
20 5 10 2 
25 5 10 2 
50 5 10 2 
100 5 10 2 
1 10 10 2 
2 10 10 2 
4 10 10 2 
5 10 10 2 
10 10 10 2 
20 10 10 2 
25 10 10 2 
50 10 10 2 
100 10 10 2 
1 20 10 2 
2 20 10 2 
4 20 10 2 
5 20 10 2 
10 20 10 2 
20 20 10 2 
25 20 10 2 
50 20 10 2 
100 20 10 2 
1 25 10 2 
2 25 10 2 
4 25 10 2 
5 25 10 2 
10 25 10 2 
20 25 10 2 
25 25 10 2 
50 25 10 2 
100 25 10 2 
1 50 10 2 
2 50 10 2 
4 50 10 2 
5 50 10 2 
10 50 10 2 
20 50 10 2 
25 50 10 2 
50 50 10 2 
100 50 10 2 
1 100 10 2 
2 100 10 2 
4 100 10 2 
5 100 10 2 
10 100 10 2 
20 100 10 2 
25 100 10 2 
50 100 10 2 
100 100 10 2 
1 1 20 2 
2 1 20 2 
4 1 20 2 
5 1 20 2 
10 1 20 2 
20 1 20 2 
25 1 20 2 
50 1 20 2 
100 1 20 2 
1 2 20 2 
2 2 20 2 
4 2 20 2 
5 2 20 2 
10 2 20 2 
20 2 20 2 
25 2 20 2 
50 2 20 2 
100 2 20 2 
1 4 20 2 
2 4 20 2 
4 4 20 2 
5 4 20 2 
10 4 20 2 
20 4 20 2 
25 4 20 2 
50 4 20 2 
100 4 20 2 
1 5 20 2 
2 5 20 2 
4 5 20 2 
5 5 20 2 
10 5 20 2 
20 5 20 2 
25 5 20 2 
50 5 20 2 
100 5 20 2 
1 10 20 2 
2 10 20 2 
4 10 20 2 
5 10 20 2 
10 10 20 2 
20 10 20 2 
25 10 20 2 
50 10 20 2 
100 10 20 2 
1 20 20 2 
2 20 20 2 
4 20 20 2 
5 20 20 2 
10 20 20 2 
20 20 20 2 
25 20 20 2 
50 20 20 2 
100 20 20 2 
1 25 20 2 
2 25 20 2 
4 25 20 2 
5 25 20 2 
10 25 20 2 
20 25 20 2 
25 25 20 2 
50 25 20 2 
100 25 20 2 
1 50 20 2 
2 50 20 2 
4 50 20 2 
5 50 20 2 
10 50 20 2 
20 50 20 2 
25 50 20 2 
50 50 20 2 
100 50 20 2 
1 100 20 2 
2 100 20 2 
4 100 20 2 
5 100 20 2 
10 100 20 2 
20 100 20 2 
25 100 20 2 
50 100 20 2 
100 100 20 2 
1 1 25 2 
2 1 25 2 
4 1 25 2 
5 1 25 2 
10 1 25 2 
20 1 25 2 
25 1 25 2 
50 1 25 2 
100 1 25 2 
1 2 25 2 
2 2 25 2 
4 2 25 2 
5 2 25 2 
10 2 25 2 
20 2 25 2 
25 2 25 2 
50 2 25 2 
100 2 25 2 
1 4 25 2 
2 4 25 2 
4 4 25 2 
5 4 25 2 
10 4 25 2 
20 4 25 2 
25 4 25 2 
50 4 25 2 
100 4 25 2 
1 5 25 2 
2 5 25 2 
4 5 25 2 
5 5 25 2 
10 5 25 2 
20 5 25 2 
25 5 25 2 
50 5 25 2 
100 5 25 2 
1 10 25 2 
2 10 25 2 
4 10 25 2 
5 10 25 2 
10 10 25 2 
20 10 25 2 
25 10 25 2 
50 10 25 2 
100 10 25 2 
1 20 25 2 
2 20 25 2 
4 20 25 2 
5 20 25 2 
10 20 25 2 
20 20 25 2 
25 20 25 2 
50 20 25 2 
100 20 25 2 
1 25 25 2 
2 25 25 2 
4 25 25 2 
5 25 25 2 
10 25 25 2 
20 25 25 2 
25 25 25 2 
50 25 25 2 
100 25 25 2 
1 50 25 2 
2 50 25 2 
4 50 25 2 
5 50 25 2 
10 50 25 2 
20 50 25 2 
25 50 25 2 
50 50 25 2 
100 50 25 2 
1 100 25 2 
2 100 25 2 
4 100 25 2 
5 100 25 2 
10 100 25 2 
20 100 25 2 
25 100 25 2 
50 100 25 2 
100 100 25 2 
1 1 50 2 
2 1 50 2 
4 1 50 2 
5 1 50 2 
10 1 50 2 
20 1 50 2 
25 1 50 2 
50 1 50 2 
100 1 50 2 
1 2 50 2 
2 2 50 2 
4 2 50 2 
5 2 50 2 
10 2 50 2 
20 2 50 2 
25 2 50 2 
50 2 50 2 
100 2 50 2 
1 4 50 2 
2 4 50 2 
4 4 50 2 
5 4 50 2 
10 4 50 2 
20 4 50 2 
25 4 50 2 
50 4 50 2 
100 4 50 2 
1 5 50 2 
2 5 50 2 
4 5 50 2 
5 5 50 2 
10 5 50 2 
20 5 50 2 
25 5 50 2 
50 5 50 2 
100 5 50 2 
1 10 50 2 
2 10 50 2 
4 10 50 2 
5 10 50 2 
10 10 50 2 
20 10 50 2 
25 10 50 2 
50 10 50 2 
100 10 50 2 
1 20 50 2 
2 20 50 2 
4 20 50 2 
5 20 50 2 
10 20 50 2 
20 20 50 2 
25 20 50 2 
50 20 50 2 
100 20 50 2 
1 25 50 2 
2 25 50 2 
4 25 50 2 
5 25 50 2 
10 25 50 2 
20 25 50 2 
25 25 50 2 
50 25 50 2 
100 25 50 2 
1 50 50 2 
2 50 50 2 
4 50 50 2 
5 50 50 2 
10 50 50 2 
20 50 50 2 
25 50 50 2 
50 50 50 2 
100 50 50 2 
1 100 50 2 
2 100 50 2 
4 100 50 2 
5 100 50 2 
10 100 50 2 
20 100 50 2 
25 100 50 2 
50 100 50 2 
100 100 50 2 
1 1 100 2 
2 1 100 2 
4 1 100 2 
5 1 100 2 
10 1 100 2 
20 1 100 2 
25 1 100 2 
50 1 100 2 
100 1 100 2 
1 2 100 2 
2 2 100 2 
4 2 100 2 
5 2 100 2 
10 2 100 2 
20 2 100 2 
25 2 100 2 
50 2 100 2 
100 2 100 2 
1 4 100 2 
2 4 100 2 
4 4 100 2 
5 4 100 2 
10 4 100 2 
20 4 100 2 
25 4 100 2 
50 4 100 2 
100 4 100 2 
1 5 100 2 
2 5 100 2 
4 5 100 2 
5 5 100 2 
10 5 100 2 
20 5 100 2 
25 5 100 2 
50 5 100 2 
100 5 100 2 
1 10 100 2 
2 10 100 2 
4 10 100 2 
5 10 100 2 
10 10 100 2 
20 10 100 2 
25 10 100 2 
50 10 100 2 
100 10 100 2 
1 20 100 2 
2 20 100 2 
4 20 100 2 
5 20 100 2 
10 20 100 2 
20 20 100 2 
25 20 100 2 
50 20 100 2 
100 20 100 2 
1 25 100 2 
2 25 100 2 
4 25 100 2 
5 25 100 2 
10 25 100 2 
20 25 100 2 
25 25 100 2 
50 25 100 2 
100 25 100 2 
1 50 100 2 
2 50 100 2 
4 50 100 2 
5 50 100 2 
10 50 100 2 
20 50 100 2 
25 50 100 2 
50 50 100 2 
100 50 100 2 
1 100 100 2 
2 100 100 2 
4 100 100 2 
5 100 100 2 
10 100 100 2 
20 100 100 2 
25 100 100 2 
50 100 100 2 
100 100 100 2 
1 1 1 4 
2 1 1 4 
4 1 1 4 
5 1 1 4 
10 1 1 4 
20 1 1 4 
25 1 1 4 
50 1 1 4 
100 1 1 4 
1 2 1 4 
2 2 1 4 
4 2 1 4 
5 2 1 4 
10 2 1 4 
20 2 1 4 
25 2 1 4 
50 2 1 4 
100 2 1 4 
1 4 1 4 
2 4 1 4 
4 4 1 4 
5 4 1 4 
10 4 1 4 
20 4 1 4 
25 4 1 4 
50 4 1 4 
100 4 1 4 
1 5 1 4 
2 5 1 4 
4 5 1 4 
5 5 1 4 
10 5 1 4 
20 5 1 4 
25 5 1 4 
50 5 1 4 
100 5 1 4 
1 10 1 4 
2 10 1 4 
4 10 1 4 
5 10 1 4 
10 10 1 4 
20 10 1 4 
25 10 1 4 
50 10 1 4 
100 10 1 4 
1 20 1 4 
2 20 1 4 
4 20 1 4 
5 20 1 4 
10 20 1 4 
20 20 1 4 
25 20 1 4 
50 20 1 4 
100 20 1 4 
1 25 1 4 
2 25 1 4 
4 25 1 4 
5 25 1 4 
10 25 1 4 
20 25 1 4 
25 25 1 4 
50 25 1 4 
100 25 1 4 
1 50 1 4 
2 50 1 4 
4 50 1 4 
5 50 1 4 
10 50 1 4 
20 50 1 4 
25 50 1 4 
50 50 1 4 
100 50 1 4 
1 100 1 4 
2 100 1 4 
4 100 1 4 
5 100 1 4 
10 100 1 4 
20 100 1 4 
25 100 1 4 
50 100 1 4 
100 100 1 4 
1 1 2 4 
2 1 2 4 
4 1 2 4 
5 1 2 4 
10 1 2 4 
20 1 2 4 
25 1 2 4 
50 1 2 4 
100 1 2 4 
1 2 2 4 
2 2 2 4 
4 2 2 4 
5 2 2 4 
10 2 2 4 
20 2 2 4 
25 2 2 4 
50 2 2 4 
100 2 2 4 
1 4 2 4 
2 4 2 4 
4 4 2 4 
5 4 2 4 
10 4 2 4 
20 4 2 4 
25 4 2 4 
50 4 2 4 
100 4 2 4 
1 5 2 4 
2 5 2 4 
4 5 2 4 
5 5 2 4 
10 5 2 4 
20 5 2 4 
25 5 2 4 
50 5 2 4 
100 5 2 4 
1 10 2 4 
2 10 2 4 
4 10 2 4 
5 10 2 4 
10 10 2 4 
20 10 2 4 
25 10 2 4 
50 10 2 4 
100 10 2 4 
1 20 2 4 
2 20 2 4 
4 20 2 4 
5 20 2 4 
10 20 2 4 
20 20 2 4 
25 20 2 4 
50 20 2 4 
100 20 2 4 
1 25 2 4 
2 25 2 4 
4 25 2 4 
5 25 2 4 
10 25 2 4 
20 25 2 4 
25 25 2 4 
50 25 2 4 
100 25 2 4 
1 50 2 4 
2 50 2 4 
4 50 2 4 
5 50 2 4 
10 50 2 4 
20 50 2 4 
25 50 2 4 
50 50 2 4 
100 50 2 4 
1 100 2 4 
2 100 2 4 
4 100 2 4 
5 100 2 4 
10 100 2 4 
20 100 2 4 
25 100 2 4 
50 100 2 4 
100 100 2 4 
1 1 4 4 
2 1 4 4 
4 1 4 4 
5 1 4 4 
10 1 4 4 
20 1 4 4 
25 1 4 4 
50 1 4 4 
100 1 4 4 
1 2 4 4 
2 2 4 4 
4 2 4 4 
5 2 4 4 
10 2 4 4 
20 2 4 4 
25 2 4 4 
50 2 4 4 
100 2 4 4 
1 4 4 4 
2 4 4 4 
4 4 4 4 
5 4 4 4 
10 4 4 4 
20 4 4 4 
25 4 4 4 
50 4 4 4 
100 4 4 4 
1 5 4 4 
2 5 4 4 
4 5 4 4 
5 5 4 4 
10 5 4 4 
20 5 4 4 
25 5 4 4 
50 5 4 4 
100 5 4 4 
1 10 4 4 
2 10 4 4 
4 10 4 4 
5 10 4 4 
10 10 4 4 
20 10 4 4 
25 10 4 4 
50 10 4 4 
100 10 4 4 
1 20 4 4 
2 20 4 4 
4 20 4 4 
5 20 4 4 
10 20 4 4 
20 20 4 4 
25 20 4 4 
50 20 4 4 
100 20 4 4 
1 25 4 4 
2 25 4 4 
4 25 4 4 
5 25 4 4 
10 25 4 4 
20 25 4 4 
25 25 4 4 
50 25 4 4 
100 25 4 4 
1 50 4 4 
2 50 4 4 
4 50 4 4 
5 50 4 4 
10 50 4 4 
20 50 4 4 
25 50 4 4 
50 50 4 4 
100 50 4 4 
1 100 4 4 
2 100 4 4 
4 100 4 4 
5 100 4 4 
10 100 4 4 
20 100 4 4 
25 100 4 4 
50 100 4 4 
100 100 4 4 
1 1 5 4 
2 1 5 4 
4 1 5 4 
5 1 5 4 
10 1 5 4 
20 1 5 4 
25 1 5 4 
50 1 5 4 
100 1 5 4 
1 2 5 4 
2 2 5 4 
4 2 5 4 
5 2 5 4 
10 2 5 4 
20 2 5 4 
25 2 5 4 
50 2 5 4 
100 2 5 4 
1 4 5 4 
2 4 5 4 
4 4 5 4 
5 4 5 4 
10 4 5 4 
20 4 5 4 
25 4 5 4 
50 4 5 4 
100 4 5 4 
1 5 5 4 
2 5 5 4 
4 5 5 4 
5 5 5 4 
10 5 5 4 
20 5 5 4 
25 5 5 4 
50 5 5 4 
100 5 5 4 
1 10 5 4 
2 10 5 4 
4 10 5 4 
5 10 5 4 
10 10 5 4 
20 10 5 4 
25 10 5 4 
50 10 5 4 
100 10 5 4 
1 20 5 4 
2 20 5 4 
4 20 5 4 
5 20 5 4 
10 20 5 4 
20 20 5 4 
25 20 5 4 
50 20 5 4 
100 20 5 4 
1 25 5 4 
2 25 5 4 
4 25 5 4 
5 25 5 4 
10 25 5 4 
20 25 5 4 
25 25 5 4 
50 25 5 4 
100 25 5 4 
1 50 5 4 
2 50 5 4 
4 50 5 4 
5 50 5 4 
10 50 5 4 
20 50 5 4 
25 50 5 4 
50 50 5 4 
100 50 5 4 
1 100 5 4 
2 100 5 4 
4 100 5 4 
5 100 5 4 
10 100 5 4 
20 100 5 4 
25 100 5 4 
50 100 5 4 
100 100 5 4 
1 1 10 4 
2 1 10 4 
4 1 10 4 
5 1 10 4 
10 1 10 4 
20 1 10 4 
25 1 10 4 
50 1 10 4 
100 1 10 4 
1 2 10 4 
2 2 10 4 
4 2 10 4 
5 2 10 4 
10 2 10 4 
20 2 10 4 
25 2 10 4 
50 2 10 4 
100 2 10 4 
1 4 10 4 
2 4 10 4 
4 4 10 4 
5 4 10 4 
10 4 10 4 
20 4 10 4 
25 4 10 4 
50 4 10 4 
100 4 10 4 
1 5 10 4 
2 5 10 4 
4 5 10 4 
5 5 10 4 
10 5 10 4 
20 5 10 4 
25 5 10 4 
50 5 10 4 
100 5 10 4 
1 10 10 4 
2 10 10 4 
4 10 10 4 
5 10 10 4 
10 10 10 4 
20 10 10 4 
25 10 10 4 
50 10 10 4 
100 10 10 4 
1 20 10 4 
2 20 10 4 
4 20 10 4 
5 20 10 4 
10 20 10 4 
20 20 10 4 
25 20 10 4 
50 20 10 4 
100 20 10 4 
1 25 10 4 
2 25 10 4 
4 25 10 4 
5 25 10 4 
10 25 10 4 
20 25 10 4 
25 25 10 4 
50 25 10 4 
100 25 10 4 
1 50 10 4 
2 50 10 4 
4 50 10 4 
5 50 10 4 
10 50 10 4 
20 50 10 4 
25 50 10 4 
50 50 10 4 
100 50 10 4 
1 100 10 4 
2 100 10 4 
4 100 10 4 
5 100 10 4 
10 100 10 4 
20 100 10 4 
25 100 10 4 
50 100 10 4 
100 100 10 4 
1 1 20 4 
2 1 20 4 
4 1 20 4 
5 1 20 4 
10 1 20 4 
20 1 20 4 
25 1 20 4 
50 1 20 4 
100 1 20 4 
1 2 20 4 
2 2 20 4 
4 2 20 4 
5 2 20 4 
10 2 20 4 
20 2 20 4 
25 2 20 4 
50 2 20 4 
100 2 20 4 
1 4 20 4 
2 4 20 4 
4 4 20 4 
5 4 20 4 
10 4 20 4 
20 4 20 4 
25 4 20 4 
50 4 20 4 
100 4 20 4 
1 5 20 4 
2 5 20 4 
4 5 20 4 
5 5 20 4 
10 5 20 4 
20 5 20 4 
25 5 20 4 
50 5 20 4 
100 5 20 4 
1 10 20 4 
2 10 20 4 
4 10 20 4 
5 10 20 4 
10 10 20 4 
20 10 20 4 
25 10 20 4 
50 10 20 4 
100 10 20 4 
1 20 20 4 
2 20 20 4 
4 20 20 4 
5 20 20 4 
10 20 20 4 
20 20 20 4 
25 20 20 4 
50 20 20 4 
100 20 20 4 
1 25 20 4 
2 25 20 4 
4 25 20 4 
5 25 20 4 
10 25 20 4 
20 25 20 4 
25 25 20 4 
50 25 20 4 
100 25 20 4 
1 50 20 4 
2 50 20 4 
4 50 20 4 
5 50 20 4 
10 50 20 4 
20 50 20 4 
25 50 20 4 
50 50 20 4 
100 50 20 4 
1 100 20 4 
2 100 20 4 
4 100 20 4 
5 100 20 4 
10 100 20 4 
20 100 20 4 
25 100 20 4 
50 100 20 4 
100 100 20 4 
1 1 25 4 
2 1 25 4 
4 1 25 4 
5 1 25 4 
10 1 25 4 
20 1 25 4 
25 1 25 4 
50 1 25 4 
100 1 25 4 
1 2 25 4 
2 2 25 4 
4 2 25 4 
5 2 25 4 
10 2 25 4 
20 2 25 4 
25 2 25 4 
50 2 25 4 
100 2 25 4 
1 4 25 4 
2 4 25 4 
4 4 25 4 
5 4 25 4 
10 4 25 4 
20 4 25 4 
25 4 25 4 
50 4 25 4 
100 4 25 4 
1 5 25 4 
2 5 25 4 
4 5 25 4 
5 5 25 4 
10 5 25 4 
20 5 25 4 
25 5 25 4 
50 5 25 4 
100 5 25 4 
1 10 25 4 
2 10 25 4 
4 10 25 4 
5 10 25 4 
10 10 25 4 
20 10 25 4 
25 10 25 4 
50 10 25 4 
100 10 25 4 
1 20 25 4 
2 20 25 4 
4 20 25 4 
5 20 25 4 
10 20 25 4 
20 20 25 4 
25 20 25 4 
50 20 25 4 
100 20 25 4 
1 25 25 4 
2 25 25 4 
4 25 25 4 
5 25 25 4 
10 25 25 4 
20 25 25 4 
25 25 25 4 
50 25 25 4 
100 25 25 4 
1 50 25 4 
2 50 25 4 
4 50 25 4 
5 50 25 4 
10 50 25 4 
20 50 25 4 
25 50 25 4 
50 50 25 4 
100 50 25 4 
1 100 25 4 
2 100 25 4 
4 100 25 4 
5 100 25 4 
10 100 25 4 
20 100 25 4 
25 100 25 4 
50 100 25 4 
100 100 25 4 
1 1 50 4 
2 1 50 4 
4 1 50 4 
5 1 50 4 
10 1 50 4 
20 1 50 4 
25 1 50 4 
50 1 50 4 
100 1 50 4 
1 2 50 4 
2 2 50 4 
4 2 50 4 
5 2 50 4 
10 2 50 4 
20 2 50 4 
25 2 50 4 
50 2 50 4 
100 2 50 4 
1 4 50 4 
2 4 50 4 
4 4 50 4 
5 4 50 4 
10 4 50 4 
20 4 50 4 
25 4 50 4 
50 4 50 4 
100 4 50 4 
1 5 50 4 
2 5 50 4 
4 5 50 4 
5 5 50 4 
10 5 50 4 
20 5 50 4 
25 5 50 4 
50 5 50 4 
100 5 50 4 
1 10 50 4 
2 10 50 4 
4 10 50 4 
5 10 50 4 
10 10 50 4 
20 10 50 4 
25 10 50 4 
50 10 50 4 
100 10 50 4 
1 20 50 4 
2 20 50 4 
4 20 50 4 
5 20 50 4 
10 20 50 4 
20 20 50 4 
25 20 50 4 
50 20 50 4 
100 20 50 4 
1 25 50 4 
2 25 50 4 
4 25 50 4 
5 25 50 4 
10 25 50 4 
20 25 50 4 
25 25 50 4 
50 25 50 4 
100 25 50 4 
1 50 50 4 
2 50 50 4 
4 50 50 4 
5 50 50 4 
10 50 50 4 
20 50 50 4 
25 50 50 4 
50 50 50 4 
100 50 50 4 
1 100 50 4 
2 100 50 4 
4 100 50 4 
5 100 50 4 
10 100 50 4 
20 100 50 4 
25 100 50 4 
50 100 50 4 
100 100 50 4 
1 1 100 4 
2 1 100 4 
4 1 100 4 
5 1 100 4 
10 1 100 4 
20 1 100 4 
25 1 100 4 
50 1 100 4 
100 1 100 4 
1 2 100 4 
2 2 100 4 
4 2 100 4 
5 2 100 4 
10 2 100 4 
20 2 100 4 
25 2 100 4 
50 2 100 4 
100 2 100 4 
1 4 100 4 
2 4 100 4 
4 4 100 4 
5 4 100 4 
10 4 100 4 
20 4 100 4 
25 4 100 4 
50 4 100 4 
100 4 100 4 
1 5 100 4 
2 5 100 4 
4 5 100 4 
5 5 100 4 
10 5 100 4 
20 5 100 4 
25 5 100 4 
50 5 100 4 
100 5 100 4 
1 10 100 4 
2 10 100 4 
4 10 100 4 
5 10 100 4 
10 10 100 4 
20 10 100 4 
25 10 100 4 
50 10 100 4 
100 10 100 4 
1 20 100 4 
2 20 100 4 
4 20 100 4 
5 20 100 4 
10 20 100 4 
20 20 100 4 
25 20 100 4 
50 20 100 4 
100 20 100 4 
1 25 100 4 
2 25 100 4 
4 25 100 4 
5 25 100 4 
10 25 100 4 
20 25 100 4 
25 25 100 4 
50 25 100 4 
100 25 100 4 
1 50 100 4 
2 50 100 4 
4 50 100 4 
5 50 100 4 
10 50 100 4 
20 50 100 4 
25 50 100 4 
50 50 100 4 
100 50 100 4 
1 100 100 4 
2 100 100 4 
4 100 100 4 
5 100 100 4 
10 100 100 4 
20 100 100 4 
25 100 100 4 
50 100 100 4 
100 100 100 4 
1 1 1 5 
2 1 1 5 
4 1 1 5 
5 1 1 5 
10 1 1 5 
20 1 1 5 
25 1 1 5 
50 1 1 5 
100 1 1 5 
1 2 1 5 
2 2 1 5 
4 2 1 5 
5 2 1 5 
10 2 1 5 
20 2 1 5 
25 2 1 5 
50 2 1 5 
100 2 1 5 
1 4 1 5 
2 4 1 5 
4 4 1 5 
5 4 1 5 
10 4 1 5 
20 4 1 5 
25 4 1 5 
50 4 1 5 
100 4 1 5 
1 5 1 5 
2 5 1 5 
4 5 1 5 
5 5 1 5 
10 5 1 5 
20 5 1 5 
25 5 1 5 
50 5 1 5 
100 5 1 5 
1 10 1 5 
2 10 1 5 
4 10 1 5 
5 10 1 5 
10 10 1 5 
20 10 1 5 
25 10 1 5 
50 10 1 5 
100 10 1 5 
1 20 1 5 
2 20 1 5 
4 20 1 5 
5 20 1 5 
10 20 1 5 
20 20 1 5 
25 20 1 5 
50 20 1 5 
100 20 1 5 
1 25 1 5 
2 25 1 5 
4 25 1 5 
5 25 1 5 
10 25 1 5 
20 25 1 5 
25 25 1 5 
50 25 1 5 
100 25 1 5 
1 50 1 5 
2 50 1 5 
4 50 1 5 
5 50 1 5 
10 50 1 5 
20 50 1 5 
25 50 1 5 
50 50 1 5 
100 50 1 5 
1 100 1 5 
2 100 1 5 
4 100 1 5 
5 100 1 5 
10 100 1 5 
20 100 1 5 
25 100 1 5 
50 100 1 5 
100 100 1 5 
1 1 2 5 
2 1 2 5 
4 1 2 5 
5 1 2 5 
10 1 2 5 
20 1 2 5 
25 1 2 5 
50 1 2 5 
100 1 2 5 
1 2 2 5 
2 2 2 5 
4 2 2 5 
5 2 2 5 
10 2 2 5 
20 2 2 5 
25 2 2 5 
50 2 2 5 
100 2 2 5 
1 4 2 5 
2 4 2 5 
4 4 2 5 
5 4 2 5 
10 4 2 5 
20 4 2 5 
25 4 2 5 
50 4 2 5 
100 4 2 5 
1 5 2 5 
2 5 2 5 
4 5 2 5 
5 5 2 5 
10 5 2 5 
20 5 2 5 
25 5 2 5 
50 5 2 5 
100 5 2 5 
1 10 2 5 
2 10 2 5 
4 10 2 5 
5 10 2 5 
10 10 2 5 
20 10 2 5 
25 10 2 5 
50 10 2 5 
100 10 2 5 
1 20 2 5 
2 20 2 5 
4 20 2 5 
5 20 2 5 
10 20 2 5 
20 20 2 5 
25 20 2 5 
50 20 2 5 
100 20 2 5 
1 25 2 5 
2 25 2 5 
4 25 2 5 
5 25 2 5 
10 25 2 5 
20 25 2 5 
25 25 2 5 
50 25 2 5 
100 25 2 5 
1 50 2 5 
2 50 2 5 
4 50 2 5 
5 50 2 5 
10 50 2 5 
20 50 2 5 
25 50 2 5 
50 50 2 5 
100 50 2 5 
1 100 2 5 
2 100 2 5 
4 100 2 5 
5 100 2 5 
10 100 2 5 
20 100 2 5 
25 100 2 5 
50 100 2 5 
100 100 2 5 
1 1 4 5 
2 1 4 5 
4 1 4 5 
5 1 4 5 
10 1 4 5 
20 1 4 5 
25 1 4 5 
50 1 4 5 
100 1 4 5 
1 2 4 5 
2 2 4 5 
4 2 4 5 
5 2 4 5 
10 2 4 5 
20 2 4 5 
25 2 4 5 
50 2 4 5 
100 2 4 5 
1 4 4 5 
2 4 4 5 
4 4 4 5 
5 4 4 5 
10 4 4 5 
20 4 4 5 
25 4 4 5 
50 4 4 5 
100 4 4 5 
1 5 4 5 
2 5 4 5 
4 5 4 5 
5 5 4 5 
10 5 4 5 
20 5 4 5 
25 5 4 5 
50 5 4 5 
100 5 4 5 
1 10 4 5 
2 10 4 5 
4 10 4 5 
5 10 4 5 
10 10 4 5 
20 10 4 5 
25 10 4 5 
50 10 4 5 
100 10 4 5 
1 20 4 5 
2 20 4 5 
4 20 4 5 
5 20 4 5 
10 20 4 5 
20 20 4 5 
25 20 4 5 
50 20 4 5 
100 20 4 5 
1 25 4 5 
2 25 4 5 
4 25 4 5 
5 25 4 5 
10 25 4 5 
20 25 4 5 
25 25 4 5 
50 25 4 5 
100 25 4 5 
1 50 4 5 
2 50 4 5 
4 50 4 5 
5 50 4 5 
10 50 4 5 
20 50 4 5 
25 50 4 5 
50 50 4 5 
100 50 4 5 
1 100 4 5 
2 100 4 5 
4 100 4 5 
5 100 4 5 
10 100 4 5 
20 100 4 5 
25 100 4 5 
50 100 4 5 
100 100 4 5 
1 1 5 5 
2 1 5 5 
4 1 5 5 
5 1 5 5 
10 1 5 5 
20 1 5 5 
25 1 5 5 
50 1 5 5 
100 1 5 5 
1 2 5 5 
2 2 5 5 
4 2 5 5 
5 2 5 5 
10 2 5 5 
20 2 5 5 
25 2 5 5 
50 2 5 5 
100 2 5 5 
1 4 5 5 
2 4 5 5 
4 4 5 5 
5 4 5 5 
10 4 5 5 
20 4 5 5 
25 4 5 5 
50 4 5 5 
100 4 5 5 
1 5 5 5 
2 5 5 5 
4 5 5 5 
5 5 5 5 
10 5 5 5 
20 5 5 5 
25 5 5 5 
50 5 5 5 
100 5 5 5 
1 10 5 5 
2 10 5 5 
4 10 5 5 
5 10 5 5 
10 10 5 5 
20 10 5 5 
25 10 5 5 
50 10 5 5 
100 10 5 5 
1 20 5 5 
2 20 5 5 
4 20 5 5 
5 20 5 5 
10 20 5 5 
20 20 5 5 
25 20 5 5 
50 20 5 5 
100 20 5 5 
1 25 5 5 
2 25 5 5 
4 25 5 5 
5 25 5 5 
10 25 5 5 
20 25 5 5 
25 25 5 5 
50 25 5 5 
100 25 5 5 
1 50 5 5 
2 50 5 5 
4 50 5 5 
5 50 5 5 
10 50 5 5 
20 50 5 5 
25 50 5 5 
50 50 5 5 
100 50 5 5 
1 100 5 5 
2 100 5 5 
4 100 5 5 
5 100 5 5 
10 100 5 5 
20 100 5 5 
25 100 5 5 
50 100 5 5 
100 100 5 5 
1 1 10 5 
2 1 10 5 
4 1 10 5 
5 1 10 5 
10 1 10 5 
20 1 10 5 
25 1 10 5 
50 1 10 5 
100 1 10 5 
1 2 10 5 
2 2 10 5 
4 2 10 5 
5 2 10 5 
10 2 10 5 
20 2 10 5 
25 2 10 5 
50 2 10 5 
100 2 10 5 
1 4 10 5 
2 4 10 5 
4 4 10 5 
5 4 10 5 
10 4 10 5 
20 4 10 5 
25 4 10 5 
50 4 10 5 
100 4 10 5 
1 5 10 5 
2 5 10 5 
4 5 10 5 
5 5 10 5 
10 5 10 5 
20 5 10 5 
25 5 10 5 
50 5 10 5 
100 5 10 5 
1 10 10 5 
2 10 10 5 
4 10 10 5 
5 10 10 5 
10 10 10 5 
20 10 10 5 
25 10 10 5 
50 10 10 5 
100 10 10 5 
1 20 10 5 
2 20 10 5 
4 20 10 5 
5 20 10 5 
10 20 10 5 
20 20 10 5 
25 20 10 5 
50 20 10 5 
100 20 10 5 
1 25 10 5 
2 25 10 5 
4 25 10 5 
5 25 10 5 
10 25 10 5 
20 25 10 5 
25 25 10 5 
50 25 10 5 
100 25 10 5 
1 50 10 5 
2 50 10 5 
4 50 10 5 
5 50 10 5 
10 50 10 5 
20 50 10 5 
25 50 10 5 
50 50 10 5 
100 50 10 5 
1 100 10 5 
2 100 10 5 
4 100 10 5 
5 100 10 5 
10 100 10 5 
20 100 10 5 
25 100 10 5 
50 100 10 5 
100 100 10 5 
1 1 20 5 
2 1 20 5 
4 1 20 5 
5 1 20 5 
10 1 20 5 
20 1 20 5 
25 1 20 5 
50 1 20 5 
100 1 20 5 
1 2 20 5 
2 2 20 5 
4 2 20 5 
5 2 20 5 
10 2 20 5 
20 2 20 5 
25 2 20 5 
50 2 20 5 
100 2 20 5 
1 4 20 5 
2 4 20 5 
4 4 20 5 
5 4 20 5 
10 4 20 5 
20 4 20 5 
25 4 20 5 
50 4 20 5 
100 4 20 5 
1 5 20 5 
2 5 20 5 
4 5 20 5 
5 5 20 5 
10 5 20 5 
20 5 20 5 
25 5 20 5 
50 5 20 5 
100 5 20 5 
1 10 20 5 
2 10 20 5 
4 10 20 5 
5 10 20 5 
10 10 20 5 
20 10 20 5 
25 10 20 5 
50 10 20 5 
100 10 20 5 
1 20 20 5 
2 20 20 5 
4 20 20 5 
5 20 20 5 
10 20 20 5 
20 20 20 5 
25 20 20 5 
50 20 20 5 
100 20 20 5 
1 25 20 5 
2 25 20 5 
4 25 20 5 
5 25 20 5 
10 25 20 5 
20 25 20 5 
25 25 20 5 
50 25 20 5 
100 25 20 5 
1 50 20 5 
2 50 20 5 
4 50 20 5 
5 50 20 5 
10 50 20 5 
20 50 20 5 
25 50 20 5 
50 50 20 5 
100 50 20 5 
1 100 20 5 
2 100 20 5 
4 100 20 5 
5 100 20 5 
10 100 20 5 
20 100 20 5 
25 100 20 5 
50 100 20 5 
100 100 20 5 
1 1 25 5 
2 1 25 5 
4 1 25 5 
5 1 25 5 
10 1 25 5 
20 1 25 5 
25 1 25 5 
50 1 25 5 
100 1 25 5 
1 2 25 5 
2 2 25 5 
4 2 25 5 
5 2 25 5 
10 2 25 5 
20 2 25 5 
25 2 25 5 
50 2 25 5 
100 2 25 5 
1 4 25 5 
2 4 25 5 
4 4 25 5 
5 4 25 5 
10 4 25 5 
20 4 25 5 
25 4 25 5 
50 4 25 5 
100 4 25 5 
1 5 25 5 
2 5 25 5 
4 5 25 5 
5 5 25 5 
10 5 25 5 
20 5 25 5 
25 5 25 5 
50 5 25 5 
100 5 25 5 
1 10 25 5 
2 10 25 5 
4 10 25 5 
5 10 25 5 
10 10 25 5 
20 10 25 5 
25 10 25 5 
50 10 25 5 
100 10 25 5 
1 20 25 5 
2 20 25 5 
4 20 25 5 
5 20 25 5 
10 20 25 5 
20 20 25 5 
25 20 25 5 
50 20 25 5 
100 20 25 5 
1 25 25 5 
2 25 25 5 
4 25 25 5 
5 25 25 5 
10 25 25 5 
20 25 25 5 
25 25 25 5 
50 25 25 5 
100 25 25 5 
1 50 25 5 
2 50 25 5 
4 50 25 5 
5 50 25 5 
10 50 25 5 
20 50 25 5 
25 50 25 5 
50 50 25 5 
100 50 25 5 
1 100 25 5 
2 100 25 5 
4 100 25 5 
5 100 25 5 
10 100 25 5 
20 100 25 5 
25 100 25 5 
50 100 25 5 
100 100 25 5 
1 1 50 5 
2 1 50 5 
4 1 50 5 
5 1 50 5 
10 1 50 5 
20 1 50 5 
25 1 50 5 
50 1 50 5 
100 1 50 5 
1 2 50 5 
2 2 50 5 
4 2 50 5 
5 2 50 5 
10 2 50 5 
20 2 50 5 
25 2 50 5 
50 2 50 5 
100 2 50 5 
1 4 50 5 
2 4 50 5 
4 4 50 5 
5 4 50 5 
10 4 50 5 
20 4 50 5 
25 4 50 5 
50 4 50 5 
100 4 50 5 
1 5 50 5 
2 5 50 5 
4 5 50 5 
5 5 50 5 
10 5 50 5 
20 5 50 5 
25 5 50 5 
50 5 50 5 
100 5 50 5 
1 10 50 5 
2 10 50 5 
4 10 50 5 
5 10 50 5 
10 10 50 5 
20 10 50 5 
25 10 50 5 
50 10 50 5 
100 10 50 5 
1 20 50 5 
2 20 50 5 
4 20 50 5 
5 20 50 5 
10 20 50 5 
20 20 50 5 
25 20 50 5 
50 20 50 5 
100 20 50 5 
1 25 50 5 
2 25 50 5 
4 25 50 5 
5 25 50 5 
10 25 50 5 
20 25 50 5 
25 25 50 5 
50 25 50 5 
100 25 50 5 
1 50 50 5 
2 50 50 5 
4 50 50 5 
5 50 50 5 
10 50 50 5 
20 50 50 5 
25 50 50 5 
50 50 50 5 
100 50 50 5 
1 100 50 5 
2 100 50 5 
4 100 50 5 
5 100 50 5 
10 100 50 5 
20 100 50 5 
25 100 50 5 
50 100 50 5 
100 100 50 5 
1 1 100 5 
2 1 100 5 
4 1 100 5 
5 1 100 5 
10 1 100 5 
20 1 100 5 
25 1 100 5 
50 1 100 5 
100 1 100 5 
1 2 100 5 
2 2 100 5 
4 2 100 5 
5 2 100 5 
10 2 100 5 
20 2 100 5 
25 2 100 5 
50 2 100 5 
100 2 100 5 
1 4 100 5 
2 4 100 5 
4 4 100 5 
5 4 100 5 
10 4 100 5 
20 4 100 5 
25 4 100 5 
50 4 100 5 
100 4 100 5 
1 5 100 5 
2 5 100 5 
4 5 100 5 
5 5 100 5 
10 5 100 5 
20 5 100 5 
25 5 100 5 
50 5 100 5 
100 5 100 5 
1 10 100 5 
2 10 100 5 
4 10 100 5 
5 10 100 5 
10 10 100 5 
20 10 100 5 
25 10 100 5 
50 10 100 5 
100 10 100 5 
1 20 100 5 
2 20 100 5 
4 20 100 5 
5 20 100 5 
10 20 100 5 
20 20 100 5 
25 20 100 5 
50 20 100 5 
100 20 100 5 
1 25 100 5 
2 25 100 5 
4 25 100 5 
5 25 100 5 
10 25 100 5 
20 25 100 5 
25 25 100 5 
50 25 100 5 
100 25 100 5 
1 50 100 5 
2 50 100 5 
4 50 100 5 
5 50 100 5 
10 50 100 5 
20 50 100 5 
25 50 100 5 
50 50 100 5 
100 50 100 5 
1 100 100 5 
2 100 100 5 
4 100 100 5 
5 100 100 5 
10 100 100 5 
20 100 100 5 
25 100 100 5 
50 100 100 5 
100 100 100 5 
1 1 1 10 
2 1 1 10 
4 1 1 10 
5 1 1 10 
10 1 1 10 
20 1 1 10 
25 1 1 10 
50 1 1 10 
100 1 1 10 
1 2 1 10 
2 2 1 10 
4 2 1 10 
5 2 1 10 
10 2 1 10 
20 2 1 10 
25 2 1 10 
50 2 1 10 
100 2 1 10 
1 4 1 10 
2 4 1 10 
4 4 1 10 
5 4 1 10 
10 4 1 10 
20 4 1 10 
25 4 1 10 
50 4 1 10 
100 4 1 10 
1 5 1 10 
2 5 1 10 
4 5 1 10 
5 5 1 10 
10 5 1 10 
20 5 1 10 
25 5 1 10 
50 5 1 10 
100 5 1 10 
1 10 1 10 
2 10 1 10 
4 10 1 10 
5 10 1 10 
10 10 1 10 
20 10 1 10 
25 10 1 10 
50 10 1 10 
100 10 1 10 
1 20 1 10 
2 20 1 10 
4 20 1 10 
5 20 1 10 
10 20 1 10 
20 20 1 10 
25 20 1 10 
50 20 1 10 
100 20 1 10 
1 25 1 10 
2 25 1 10 
4 25 1 10 
5 25 1 10 
10 25 1 10 
20 25 1 10 
25 25 1 10 
50 25 1 10 
100 25 1 10 
1 50 1 10 
2 50 1 10 
4 50 1 10 
5 50 1 10 
10 50 1 10 
20 50 1 10 
25 50 1 10 
50 50 1 10 
100 50 1 10 
1 100 1 10 
2 100 1 10 
4 100 1 10 
5 100 1 10 
10 100 1 10 
20 100 1 10 
25 100 1 10 
50 100 1 10 
100 100 1 10 
1 1 2 10 
2 1 2 10 
4 1 2 10 
5 1 2 10 
10 1 2 10 
20 1 2 10 
25 1 2 10 
50 1 2 10 
100 1 2 10 
1 2 2 10 
2 2 2 10 
4 2 2 10 
5 2 2 10 
10 2 2 10 
20 2 2 10 
25 2 2 10 
50 2 2 10 
100 2 2 10 
1 4 2 10 
2 4 2 10 
4 4 2 10 
5 4 2 10 
10 4 2 10 
20 4 2 10 
25 4 2 10 
50 4 2 10 
100 4 2 10 
1 5 2 10 
2 5 2 10 
4 5 2 10 
5 5 2 10 
10 5 2 10 
20 5 2 10 
25 5 2 10 
50 5 2 10 
100 5 2 10 
1 10 2 10 
2 10 2 10 
4 10 2 10 
5 10 2 10 
10 10 2 10 
20 10 2 10 
25 10 2 10 
50 10 2 10 
100 10 2 10 
1 20 2 10 
2 20 2 10 
4 20 2 10 
5 20 2 10 
10 20 2 10 
20 20 2 10 
25 20 2 10 
50 20 2 10 
100 20 2 10 
1 25 2 10 
2 25 2 10 
4 25 2 10 
5 25 2 10 
10 25 2 10 
20 25 2 10 
25 25 2 10 
50 25 2 10 
100 25 2 10 
1 50 2 10 
2 50 2 10 
4 50 2 10 
5 50 2 10 
10 50 2 10 
20 50 2 10 
25 50 2 10 
50 50 2 10 
100 50 2 10 
1 100 2 10 
2 100 2 10 
4 100 2 10 
5 100 2 10 
10 100 2 10 
20 100 2 10 
25 100 2 10 
50 100 2 10 
100 100 2 10 
1 1 4 10 
2 1 4 10 
4 1 4 10 
5 1 4 10 
10 1 4 10 
20 1 4 10 
25 1 4 10 
50 1 4 10 
100 1 4 10 
1 2 4 10 
2 2 4 10 
4 2 4 10 
5 2 4 10 
10 2 4 10 
20 2 4 10 
25 2 4 10 
50 2 4 10 
100 2 4 10 
1 4 4 10 
2 4 4 10 
4 4 4 10 
5 4 4 10 
10 4 4 10 
20 4 4 10 
25 4 4 10 
50 4 4 10 
100 4 4 10 
1 5 4 10 
2 5 4 10 
4 5 4 10 
5 5 4 10 
10 5 4 10 
20 5 4 10 
25 5 4 10 
50 5 4 10 
100 5 4 10 
1 10 4 10 
2 10 4 10 
4 10 4 10 
5 10 4 10 
10 10 4 10 
20 10 4 10 
25 10 4 10 
50 10 4 10 
100 10 4 10 
1 20 4 10 
2 20 4 10 
4 20 4 10 
5 20 4 10 
10 20 4 10 
20 20 4 10 
25 20 4 10 
50 20 4 10 
100 20 4 10 
1 25 4 10 
2 25 4 10 
4 25 4 10 
5 25 4 10 
10 25 4 10 
20 25 4 10 
25 25 4 10 
50 25 4 10 
100 25 4 10 
1 50 4 10 
2 50 4 10 
4 50 4 10 
5 50 4 10 
10 50 4 10 
20 50 4 10 
25 50 4 10 
50 50 4 10 
100 50 4 10 
1 100 4 10 
2 100 4 10 
4 100 4 10 
5 100 4 10 
10 100 4 10 
20 100 4 10 
25 100 4 10 
50 100 4 10 
100 100 4 10 
1 1 5 10 
2 1 5 10 
4 1 5 10 
5 1 5 10 
10 1 5 10 
20 1 5 10 
25 1 5 10 
50 1 5 10 
100 1 5 10 
1 2 5 10 
2 2 5 10 
4 2 5 10 
5 2 5 10 
10 2 5 10 
20 2 5 10 
25 2 5 10 
50 2 5 10 
100 2 5 10 
1 4 5 10 
2 4 5 10 
4 4 5 10 
5 4 5 10 
10 4 5 10 
20 4 5 10 
25 4 5 10 
50 4 5 10 
100 4 5 10 
1 5 5 10 
2 5 5 10 
4 5 5 10 
5 5 5 10 
10 5 5 10 
20 5 5 10 
25 5 5 10 
50 5 5 10 
100 5 5 10 
1 10 5 10 
2 10 5 10 
4 10 5 10 
5 10 5 10 
10 10 5 10 
20 10 5 10 
25 10 5 10 
50 10 5 10 
100 10 5 10 
1 20 5 10 
2 20 5 10 
4 20 5 10 
5 20 5 10 
10 20 5 10 
20 20 5 10 
25 20 5 10 
50 20 5 10 
100 20 5 10 
1 25 5 10 
2 25 5 10 
4 25 5 10 
5 25 5 10 
10 25 5 10 
20 25 5 10 
25 25 5 10 
50 25 5 10 
100 25 5 10 
1 50 5 10 
2 50 5 10 
4 50 5 10 
5 50 5 10 
10 50 5 10 
20 50 5 10 
25 50 5 10 
50 50 5 10 
100 50 5 10 
1 100 5 10 
2 100 5 10 
4 100 5 10 
5 100 5 10 
10 100 5 10 
20 100 5 10 
25 100 5 10 
50 100 5 10 
100 100 5 10 
1 1 10 10 
2 1 10 10 
4 1 10 10 
5 1 10 10 
10 1 10 10 
20 1 10 10 
25 1 10 10 
50 1 10 10 
100 1 10 10 
1 2 10 10 
2 2 10 10 
4 2 10 10 
5 2 10 10 
10 2 10 10 
20 2 10 10 
25 2 10 10 
50 2 10 10 
100 2 10 10 
1 4 10 10 
2 4 10 10 
4 4 10 10 
5 4 10 10 
10 4 10 10 
20 4 10 10 
25 4 10 10 
50 4 10 10 
100 4 10 10 
1 5 10 10 
2 5 10 10 
4 5 10 10 
5 5 10 10 
10 5 10 10 
20 5 10 10 
25 5 10 10 
50 5 10 10 
100 5 10 10 
1 10 10 10 
2 10 10 10 
4 10 10 10 
5 10 10 10 
10 10 10 10 
20 10 10 10 
25 10 10 10 
50 10 10 10 
100 10 10 10 
1 20 10 10 
2 20 10 10 
4 20 10 10 
5 20 10 10 
10 20 10 10 
20 20 10 10 
25 20 10 10 
50 20 10 10 
100 20 10 10 
1 25 10 10 
2 25 10 10 
4 25 10 10 
5 25 10 10 
10 25 10 10 
20 25 10 10 
25 25 10 10 
50 25 10 10 
100 25 10 10 
1 50 10 10 
2 50 10 10 
4 50 10 10 
5 50 10 10 
10 50 10 10 
20 50 10 10 
25 50 10 10 
50 50 10 10 
100 50 10 10 
1 100 10 10 
2 100 10 10 
4 100 10 10 
5 100 10 10 
10 100 10 10 
20 100 10 10 
25 100 10 10 
50 100 10 10 
100 100 10 10 
1 1 20 10 
2 1 20 10 
4 1 20 10 
5 1 20 10 
10 1 20 10 
20 1 20 10 
25 1 20 10 
50 1 20 10 
100 1 20 10 
1 2 20 10 
2 2 20 10 
4 2 20 10 
5 2 20 10 
10 2 20 10 
20 2 20 10 
25 2 20 10 
50 2 20 10 
100 2 20 10 
1 4 20 10 
2 4 20 10 
4 4 20 10 
5 4 20 10 
10 4 20 10 
20 4 20 10 
25 4 20 10 
50 4 20 10 
100 4 20 10 
1 5 20 10 
2 5 20 10 
4 5 20 10 
5 5 20 10 
10 5 20 10 
20 5 20 10 
25 5 20 10 
50 5 20 10 
100 5 20 10 
1 10 20 10 
2 10 20 10 
4 10 20 10 
5 10 20 10 
10 10 20 10 
20 10 20 10 
25 10 20 10 
50 10 20 10 
100 10 20 10 
1 20 20 10 
2 20 20 10 
4 20 20 10 
5 20 20 10 
10 20 20 10 
20 20 20 10 
25 20 20 10 
50 20 20 10 
100 20 20 10 
1 25 20 10 
2 25 20 10 
4 25 20 10 
5 25 20 10 
10 25 20 10 
20 25 20 10 
25 25 20 10 
50 25 20 10 
100 25 20 10 
1 50 20 10 
2 50 20 10 
4 50 20 10 
5 50 20 10 
10 50 20 10 
20 50 20 10 
25 50 20 10 
50 50 20 10 
100 50 20 10 
1 100 20 10 
2 100 20 10 
4 100 20 10 
5 100 20 10 
10 100 20 10 
20 100 20 10 
25 100 20 10 
50 100 20 10 
100 100 20 10 
1 1 25 10 
2 1 25 10 
4 1 25 10 
5 1 25 10 
10 1 25 10 
20 1 25 10 
25 1 25 10 
50 1 25 10 
100 1 25 10 
1 2 25 10 
2 2 25 10 
4 2 25 10 
5 2 25 10 
10 2 25 10 
20 2 25 10 
25 2 25 10 
50 2 25 10 
100 2 25 10 
1 4 25 10 
2 4 25 10 
4 4 25 10 
5 4 25 10 
10 4 25 10 
20 4 25 10 
25 4 25 10 
50 4 25 10 
100 4 25 10 
1 5 25 10 
2 5 25 10 
4 5 25 10 
5 5 25 10 
10 5 25 10 
20 5 25 10 
25 5 25 10 
50 5 25 10 
100 5 25 10 
1 10 25 10 
2 10 25 10 
4 10 25 10 
5 10 25 10 
10 10 25 10 
20 10 25 10 
25 10 25 10 
50 10 25 10 
100 10 25 10 
1 20 25 10 
2 20 25 10 
4 20 25 10 
5 20 25 10 
10 20 25 10 
20 20 25 10 
25 20 25 10 
50 20 25 10 
100 20 25 10 
1 25 25 10 
2 25 25 10 
4 25 25 10 
5 25 25 10 
10 25 25 10 
20 25 25 10 
25 25 25 10 
50 25 25 10 
100 25 25 10 
1 50 25 10 
2 50 25 10 
4 50 25 10 
5 50 25 10 
10 50 25 10 
20 50 25 10 
25 50 25 10 
50 50 25 10 
100 50 25 10 
1 100 25 10 
2 100 25 10 
4 100 25 10 
5 100 25 10 
10 100 25 10 
20 100 25 10 
25 100 25 10 
50 100 25 10 
100 100 25 10 
1 1 50 10 
2 1 50 10 
4 1 50 10 
5 1 50 10 
10 1 50 10 
20 1 50 10 
25 1 50 10 
50 1 50 10 
100 1 50 10 
1 2 50 10 
2 2 50 10 
4 2 50 10 
5 2 50 10 
10 2 50 10 
20 2 50 10 
25 2 50 10 
50 2 50 10 
100 2 50 10 
1 4 50 10 
2 4 50 10 
4 4 50 10 
5 4 50 10 
10 4 50 10 
20 4 50 10 
25 4 50 10 
50 4 50 10 
100 4 50 10 
1 5 50 10 
2 5 50 10 
4 5 50 10 
5 5 50 10 
10 5 50 10 
20 5 50 10 
25 5 50 10 
50 5 50 10 
100 5 50 10 
1 10 50 10 
2 10 50 10 
4 10 50 10 
5 10 50 10 
10 10 50 10 
20 10 50 10 
25 10 50 10 
50 10 50 10 
100 10 50 10 
1 20 50 10 
2 20 50 10 
4 20 50 10 
5 20 50 10 
10 20 50 10 
20 20 50 10 
25 20 50 10 
50 20 50 10 
100 20 50 10 
1 25 50 10 
2 25 50 10 
4 25 50 10 
5 25 50 10 
10 25 50 10 
20 25 50 10 
25 25 50 10 
50 25 50 10 
100 25 50 10 
1 50 50 10 
2 50 50 10 
4 50 50 10 
5 50 50 10 
10 50 50 10 
20 50 50 10 
25 50 50 10 
50 50 50 10 
100 50 50 10 
1 100 50 10 
2 100 50 10 
4 100 50 10 
5 100 50 10 
10 100 50 10 
20 100 50 10 
25 100 50 10 
50 100 50 10 
100 100 50 10 
1 1 100 10 
2 1 100 10 
4 1 100 10 
5 1 100 10 
10 1 100 10 
20 1 100 10 
25 1 100 10 
50 1 100 10 
100 1 100 10 
1 2 100 10 
2 2 100 10 
4 2 100 10 
5 2 100 10 
10 2 100 10 
20 2 100 10 
25 2 100 10 
50 2 100 10 
100 2 100 10 
1 4 100 10 
2 4 100 10 
4 4 100 10 
5 4 100 10 
10 4 100 10 
20 4 100 10 
25 4 100 10 
50 4 100 10 
100 4 100 10 
1 5 100 10 
2 5 100 10 
4 5 100 10 
5 5 100 10 
10 5 100 10 
20 5 100 10 
25 5 100 10 
50 5 100 10 
100 5 100 10 
1 10 100 10 
2 10 100 10 
4 10 100 10 
5 10 100 10 
10 10 100 10 
20 10 100 10 
25 10 100 10 
50 10 100 10 
100 10 100 10 
1 20 100 10 
2 20 100 10 
4 20 100 10 
5 20 100 10 
10 20 100 10 
20 20 100 10 
25 20 100 10 
50 20 100 10 
100 20 100 10 
1 25 100 10 
2 25 100 10 
4 25 100 10 
5 25 100 10 
10 25 100 10 
20 25 100 10 
25 25 100 10 
50 25 100 10 
100 25 100 10 
1 50 100 10 
2 50 100 10 
4 50 100 10 
5 50 100 10 
10 50 100 10 
20 50 100 10 
25 50 100 10 
50 50 100 10 
100 50 100 10 
1 100 100 10 
2 100 100 10 
4 100 100 10 
5 100 100 10 
10 100 100 10 
20 100 100 10 
25 100 100 10 
50 100 100 10 
100 100 100 10 
1 1 1 20 
2 1 1 20 
4 1 1 20 
5 1 1 20 
10 1 1 20 
20 1 1 20 
25 1 1 20 
50 1 1 20 
100 1 1 20 
1 2 1 20 
2 2 1 20 
4 2 1 20 
5 2 1 20 
10 2 1 20 
20 2 1 20 
25 2 1 20 
50 2 1 20 
100 2 1 20 
1 4 1 20 
2 4 1 20 
4 4 1 20 
5 4 1 20 
10 4 1 20 
20 4 1 20 
25 4 1 20 
50 4 1 20 
100 4 1 20 
1 5 1 20 
2 5 1 20 
4 5 1 20 
5 5 1 20 
10 5 1 20 
20 5 1 20 
25 5 1 20 
50 5 1 20 
100 5 1 20 
1 10 1 20 
2 10 1 20 
4 10 1 20 
5 10 1 20 
10 10 1 20 
20 10 1 20 
25 10 1 20 
50 10 1 20 
100 10 1 20 
1 20 1 20 
2 20 1 20 
4 20 1 20 
5 20 1 20 
10 20 1 20 
20 20 1 20 
25 20 1 20 
50 20 1 20 
100 20 1 20 
1 25 1 20 
2 25 1 20 
4 25 1 20 
5 25 1 20 
10 25 1 20 
20 25 1 20 
25 25 1 20 
50 25 1 20 
100 25 1 20 
1 50 1 20 
2 50 1 20 
4 50 1 20 
5 50 1 20 
10 50 1 20 
20 50 1 20 
25 50 1 20 
50 50 1 20 
100 50 1 20 
1 100 1 20 
2 100 1 20 
4 100 1 20 
5 100 1 20 
10 100 1 20 
20 100 1 20 
25 100 1 20 
50 100 1 20 
100 100 1 20 
1 1 2 20 
2 1 2 20 
4 1 2 20 
5 1 2 20 
10 1 2 20 
20 1 2 20 
25 1 2 20 
50 1 2 20 
100 1 2 20 
1 2 2 20 
2 2 2 20 
4 2 2 20 
5 2 2 20 
10 2 2 20 
20 2 2 20 
25 2 2 20 
50 2 2 20 
100 2 2 20 
1 4 2 20 
2 4 2 20 
4 4 2 20 
5 4 2 20 
10 4 2 20 
20 4 2 20 
25 4 2 20 
50 4 2 20 
100 4 2 20 
1 5 2 20 
2 5 2 20 
4 5 2 20 
5 5 2 20 
10 5 2 20 
20 5 2 20 
25 5 2 20 
50 5 2 20 
100 5 2 20 
1 10 2 20 
2 10 2 20 
4 10 2 20 
5 10 2 20 
10 10 2 20 
20 10 2 20 
25 10 2 20 
50 10 2 20 
100 10 2 20 
1 20 2 20 
2 20 2 20 
4 20 2 20 
5 20 2 20 
10 20 2 20 
20 20 2 20 
25 20 2 20 
50 20 2 20 
100 20 2 20 
1 25 2 20 
2 25 2 20 
4 25 2 20 
5 25 2 20 
10 25 2 20 
20 25 2 20 
25 25 2 20 
50 25 2 20 
100 25 2 20 
1 50 2 20 
2 50 2 20 
4 50 2 20 
5 50 2 20 
10 50 2 20 
20 50 2 20 
25 50 2 20 
50 50 2 20 
100 50 2 20 
1 100 2 20 
2 100 2 20 
4 100 2 20 
5 100 2 20 
10 100 2 20 
20 100 2 20 
25 100 2 20 
50 100 2 20 
100 100 2 20 
1 1 4 20 
2 1 4 20 
4 1 4 20 
5 1 4 20 
10 1 4 20 
20 1 4 20 
25 1 4 20 
50 1 4 20 
100 1 4 20 
1 2 4 20 
2 2 4 20 
4 2 4 20 
5 2 4 20 
10 2 4 20 
20 2 4 20 
25 2 4 20 
50 2 4 20 
100 2 4 20 
1 4 4 20 
2 4 4 20 
4 4 4 20 
5 4 4 20 
10 4 4 20 
20 4 4 20 
25 4 4 20 
50 4 4 20 
100 4 4 20 
1 5 4 20 
2 5 4 20 
4 5 4 20 
5 5 4 20 
10 5 4 20 
20 5 4 20 
25 5 4 20 
50 5 4 20 
100 5 4 20 
1 10 4 20 
2 10 4 20 
4 10 4 20 
5 10 4 20 
10 10 4 20 
20 10 4 20 
25 10 4 20 
50 10 4 20 
100 10 4 20 
1 20 4 20 
2 20 4 20 
4 20 4 20 
5 20 4 20 
10 20 4 20 
20 20 4 20 
25 20 4 20 
50 20 4 20 
100 20 4 20 
1 25 4 20 
2 25 4 20 
4 25 4 20 
5 25 4 20 
10 25 4 20 
20 25 4 20 
25 25 4 20 
50 25 4 20 
100 25 4 20 
1 50 4 20 
2 50 4 20 
4 50 4 20 
5 50 4 20 
10 50 4 20 
20 50 4 20 
25 50 4 20 
50 50 4 20 
100 50 4 20 
1 100 4 20 
2 100 4 20 
4 100 4 20 
5 100 4 20 
10 100 4 20 
20 100 4 20 
25 100 4 20 
50 100 4 20 
100 100 4 20 
1 1 5 20 
2 1 5 20 
4 1 5 20 
5 1 5 20 
10 1 5 20 
20 1 5 20 
25 1 5 20 
50 1 5 20 
100 1 5 20 
1 2 5 20 
2 2 5 20 
4 2 5 20 
5 2 5 20 
10 2 5 20 
20 2 5 20 
25 2 5 20 
50 2 5 20 
100 2 5 20 
1 4 5 20 
2 4 5 20 
4 4 5 20 
5 4 5 20 
10 4 5 20 
20 4 5 20 
25 4 5 20 
50 4 5 20 
100 4 5 20 
1 5 5 20 
2 5 5 20 
4 5 5 20 
5 5 5 20 
10 5 5 20 
20 5 5 20 
25 5 5 20 
50 5 5 20 
100 5 5 20 
1 10 5 20 
2 10 5 20 
4 10 5 20 
5 10 5 20 
10 10 5 20 
20 10 5 20 
25 10 5 20 
50 10 5 20 
100 10 5 20 
1 20 5 20 
2 20 5 20 
4 20 5 20 
5 20 5 20 
10 20 5 20 
20 20 5 20 
25 20 5 20 
50 20 5 20 
100 20 5 20 
1 25 5 20 
2 25 5 20 
4 25 5 20 
5 25 5 20 
10 25 5 20 
20 25 5 20 
25 25 5 20 
50 25 5 20 
100 25 5 20 
1 50 5 20 
2 50 5 20 
4 50 5 20 
5 50 5 20 
10 50 5 20 
20 50 5 20 
25 50 5 20 
50 50 5 20 
100 50 5 20 
1 100 5 20 
2 100 5 20 
4 100 5 20 
5 100 5 20 
10 100 5 20 
20 100 5 20 
25 100 5 20 
50 100 5 20 
100 100 5 20 
1 1 10 20 
2 1 10 20 
4 1 10 20 
5 1 10 20 
10 1 10 20 
20 1 10 20 
25 1 10 20 
50 1 10 20 
100 1 10 20 
1 2 10 20 
2 2 10 20 
4 2 10 20 
5 2 10 20 
10 2 10 20 
20 2 10 20 
25 2 10 20 
50 2 10 20 
100 2 10 20 
1 4 10 20 
2 4 10 20 
4 4 10 20 
5 4 10 20 
10 4 10 20 
20 4 10 20 
25 4 10 20 
50 4 10 20 
100 4 10 20 
1 5 10 20 
2 5 10 20 
4 5 10 20 
5 5 10 20 
10 5 10 20 
20 5 10 20 
25 5 10 20 
50 5 10 20 
100 5 10 20 
1 10 10 20 
2 10 10 20 
4 10 10 20 
5 10 10 20 
10 10 10 20 
20 10 10 20 
25 10 10 20 
50 10 10 20 
100 10 10 20 
1 20 10 20 
2 20 10 20 
4 20 10 20 
5 20 10 20 
10 20 10 20 
20 20 10 20 
25 20 10 20 
50 20 10 20 
100 20 10 20 
1 25 10 20 
2 25 10 20 
4 25 10 20 
5 25 10 20 
10 25 10 20 
20 25 10 20 
25 25 10 20 
50 25 10 20 
100 25 10 20 
1 50 10 20 
2 50 10 20 
4 50 10 20 
5 50 10 20 
10 50 10 20 
20 50 10 20 
25 50 10 20 
50 50 10 20 
100 50 10 20 
1 100 10 20 
2 100 10 20 
4 100 10 20 
5 100 10 20 
10 100 10 20 
20 100 10 20 
25 100 10 20 
50 100 10 20 
100 100 10 20 
1 1 20 20 
2 1 20 20 
4 1 20 20 
5 1 20 20 
10 1 20 20 
20 1 20 20 
25 1 20 20 
50 1 20 20 
100 1 20 20 
1 2 20 20 
2 2 20 20 
4 2 20 20 
5 2 20 20 
10 2 20 20 
20 2 20 20 
25 2 20 20 
50 2 20 20 
100 2 20 20 
1 4 20 20 
2 4 20 20 
4 4 20 20 
5 4 20 20 
10 4 20 20 
20 4 20 20 
25 4 20 20 
50 4 20 20 
100 4 20 20 
1 5 20 20 
2 5 20 20 
4 5 20 20 
5 5 20 20 
10 5 20 20 
20 5 20 20 
25 5 20 20 
50 5 20 20 
100 5 20 20 
1 10 20 20 
2 10 20 20 
4 10 20 20 
5 10 20 20 
10 10 20 20 
20 10 20 20 
25 10 20 20 
50 10 20 20 
100 10 20 20 
1 20 20 20 
2 20 20 20 
4 20 20 20 
5 20 20 20 
10 20 20 20 
20 20 20 20 
25 20 20 20 
50 20 20 20 
100 20 20 20 
1 25 20 20 
2 25 20 20 
4 25 20 20 
5 25 20 20 
10 25 20 20 
20 25 20 20 
25 25 20 20 
50 25 20 20 
100 25 20 20 
1 50 20 20 
2 50 20 20 
4 50 20 20 
5 50 20 20 
10 50 20 20 
20 50 20 20 
25 50 20 20 
50 50 20 20 
100 50 20 20 
1 100 20 20 
2 100 20 20 
4 100 20 20 
5 100 20 20 
10 100 20 20 
20 100 20 20 
25 100 20 20 
50 100 20 20 
100 100 20 20 
1 1 25 20 
2 1 25 20 
4 1 25 20 
5 1 25 20 
10 1 25 20 
20 1 25 20 
25 1 25 20 
50 1 25 20 
100 1 25 20 
1 2 25 20 
2 2 25 20 
4 2 25 20 
5 2 25 20 
10 2 25 20 
20 2 25 20 
25 2 25 20 
50 2 25 20 
100 2 25 20 
1 4 25 20 
2 4 25 20 
4 4 25 20 
5 4 25 20 
10 4 25 20 
20 4 25 20 
25 4 25 20 
50 4 25 20 
100 4 25 20 
1 5 25 20 
2 5 25 20 
4 5 25 20 
5 5 25 20 
10 5 25 20 
20 5 25 20 
25 5 25 20 
50 5 25 20 
100 5 25 20 
1 10 25 20 
2 10 25 20 
4 10 25 20 
5 10 25 20 
10 10 25 20 
20 10 25 20 
25 10 25 20 
50 10 25 20 
100 10 25 20 
1 20 25 20 
2 20 25 20 
4 20 25 20 
5 20 25 20 
10 20 25 20 
20 20 25 20 
25 20 25 20 
50 20 25 20 
100 20 25 20 
1 25 25 20 
2 25 25 20 
4 25 25 20 
5 25 25 20 
10 25 25 20 
20 25 25 20 
25 25 25 20 
50 25 25 20 
100 25 25 20 
1 50 25 20 
2 50 25 20 
4 50 25 20 
5 50 25 20 
10 50 25 20 
20 50 25 20 
25 50 25 20 
50 50 25 20 
100 50 25 20 
1 100 25 20 
2 100 25 20 
4 100 25 20 
5 100 25 20 
10 100 25 20 
20 100 25 20 
25 100 25 20 
50 100 25 20 
100 100 25 20 
1 1 50 20 
2 1 50 20 
4 1 50 20 
5 1 50 20 
10 1 50 20 
20 1 50 20 
25 1 50 20 
50 1 50 20 
100 1 50 20 
1 2 50 20 
2 2 50 20 
4 2 50 20 
5 2 50 20 
10 2 50 20 
20 2 50 20 
25 2 50 20 
50 2 50 20 
100 2 50 20 
1 4 50 20 
2 4 50 20 
4 4 50 20 
5 4 50 20 
10 4 50 20 
20 4 50 20 
25 4 50 20 
50 4 50 20 
100 4 50 20 
1 5 50 20 
2 5 50 20 
4 5 50 20 
5 5 50 20 
10 5 50 20 
20 5 50 20 
25 5 50 20 
50 5 50 20 
100 5 50 20 
1 10 50 20 
2 10 50 20 
4 10 50 20 
5 10 50 20 
10 10 50 20 
20 10 50 20 
25 10 50 20 
50 10 50 20 
100 10 50 20 
1 20 50 20 
2 20 50 20 
4 20 50 20 
5 20 50 20 
10 20 50 20 
20 20 50 20 
25 20 50 20 
50 20 50 20 
100 20 50 20 
1 25 50 20 
2 25 50 20 
4 25 50 20 
5 25 50 20 
10 25 50 20 
20 25 50 20 
25 25 50 20 
50 25 50 20 
100 25 50 20 
1 50 50 20 
2 50 50 20 
4 50 50 20 
5 50 50 20 
10 50 50 20 
20 50 50 20 
25 50 50 20 
50 50 50 20 
100 50 50 20 
1 100 50 20 
2 100 50 20 
4 100 50 20 
5 100 50 20 
10 100 50 20 
20 100 50 20 
25 100 50 20 
50 100 50 20 
100 100 50 20 
1 1 100 20 
2 1 100 20 
4 1 100 20 
5 1 100 20 
10 1 100 20 
20 1 100 20 
25 1 100 20 
50 1 100 20 
100 1 100 20 
1 2 100 20 
2 2 100 20 
4 2 100 20 
5 2 100 20 
10 2 100 20 
20 2 100 20 
25 2 100 20 
50 2 100 20 
100 2 100 20 
1 4 100 20 
2 4 100 20 
4 4 100 20 
5 4 100 20 
10 4 100 20 
20 4 100 20 
25 4 100 20 
50 4 100 20 
100 4 100 20 
1 5 100 20 
2 5 100 20 
4 5 100 20 
5 5 100 20 
10 5 100 20 
20 5 100 20 
25 5 100 20 
50 5 100 20 
100 5 100 20 
1 10 100 20 
2 10 100 20 
4 10 100 20 
5 10 100 20 
10 10 100 20 
20 10 100 20 
25 10 100 20 
50 10 100 20 
100 10 100 20 
1 20 100 20 
2 20 100 20 
4 20 100 20 
5 20 100 20 
10 20 100 20 
20 20 100 20 
25 20 100 20 
50 20 100 20 
100 20 100 20 
1 25 100 20 
2 25 100 20 
4 25 100 20 
5 25 100 20 
10 25 100 20 
20 25 100 20 
25 25 100 20 
50 25 100 20 
100 25 100 20 
1 50 100 20 
2 50 100 20 
4 50 100 20 
5 50 100 20 
10 50 100 20 
20 50 100 20 
25 50 100 20 
50 50 100 20 
100 50 100 20 
1 100 100 20 
2 100 100 20 
4 100 100 20 
5 100 100 20 
10 100 100 20 
20 100 100 20 
25 100 100 20 
50 100 100 20 
100 100 100 20 
1 1 1 25 
2 1 1 25 
4 1 1 25 
5 1 1 25 
10 1 1 25 
20 1 1 25 
25 1 1 25 
50 1 1 25 
100 1 1 25 
1 2 1 25 
2 2 1 25 
4 2 1 25 
5 2 1 25 
10 2 1 25 
20 2 1 25 
25 2 1 25 
50 2 1 25 
100 2 1 25 
1 4 1 25 
2 4 1 25 
4 4 1 25 
5 4 1 25 
10 4 1 25 
20 4 1 25 
25 4 1 25 
50 4 1 25 
100 4 1 25 
1 5 1 25 
2 5 1 25 
4 5 1 25 
5 5 1 25 
10 5 1 25 
20 5 1 25 
25 5 1 25 
50 5 1 25 
100 5 1 25 
1 10 1 25 
2 10 1 25 
4 10 1 25 
5 10 1 25 
10 10 1 25 
20 10 1 25 
25 10 1 25 
50 10 1 25 
100 10 1 25 
1 20 1 25 
2 20 1 25 
4 20 1 25 
5 20 1 25 
10 20 1 25 
20 20 1 25 
25 20 1 25 
50 20 1 25 
100 20 1 25 
1 25 1 25 
2 25 1 25 
4 25 1 25 
5 25 1 25 
10 25 1 25 
20 25 1 25 
25 25 1 25 
50 25 1 25 
100 25 1 25 
1 50 1 25 
2 50 1 25 
4 50 1 25 
5 50 1 25 
10 50 1 25 
20 50 1 25 
25 50 1 25 
50 50 1 25 
100 50 1 25 
1 100 1 25 
2 100 1 25 
4 100 1 25 
5 100 1 25 
10 100 1 25 
20 100 1 25 
25 100 1 25 
50 100 1 25 
100 100 1 25 
1 1 2 25 
2 1 2 25 
4 1 2 25 
5 1 2 25 
10 1 2 25 
20 1 2 25 
25 1 2 25 
50 1 2 25 
100 1 2 25 
1 2 2 25 
2 2 2 25 
4 2 2 25 
5 2 2 25 
10 2 2 25 
20 2 2 25 
25 2 2 25 
50 2 2 25 
100 2 2 25 
1 4 2 25 
2 4 2 25 
4 4 2 25 
5 4 2 25 
10 4 2 25 
20 4 2 25 
25 4 2 25 
50 4 2 25 
100 4 2 25 
1 5 2 25 
2 5 2 25 
4 5 2 25 
5 5 2 25 
10 5 2 25 
20 5 2 25 
25 5 2 25 
50 5 2 25 
100 5 2 25 
1 10 2 25 
2 10 2 25 
4 10 2 25 
5 10 2 25 
10 10 2 25 
20 10 2 25 
25 10 2 25 
50 10 2 25 
100 10 2 25 
1 20 2 25 
2 20 2 25 
4 20 2 25 
5 20 2 25 
10 20 2 25 
20 20 2 25 
25 20 2 25 
50 20 2 25 
100 20 2 25 
1 25 2 25 
2 25 2 25 
4 25 2 25 
5 25 2 25 
10 25 2 25 
20 25 2 25 
25 25 2 25 
50 25 2 25 
100 25 2 25 
1 50 2 25 
2 50 2 25 
4 50 2 25 
5 50 2 25 
10 50 2 25 
20 50 2 25 
25 50 2 25 
50 50 2 25 
100 50 2 25 
1 100 2 25 
2 100 2 25 
4 100 2 25 
5 100 2 25 
10 100 2 25 
20 100 2 25 
25 100 2 25 
50 100 2 25 
100 100 2 25 
1 1 4 25 
2 1 4 25 
4 1 4 25 
5 1 4 25 
10 1 4 25 
20 1 4 25 
25 1 4 25 
50 1 4 25 
100 1 4 25 
1 2 4 25 
2 2 4 25 
4 2 4 25 
5 2 4 25 
10 2 4 25 
20 2 4 25 
25 2 4 25 
50 2 4 25 
100 2 4 25 
1 4 4 25 
2 4 4 25 
4 4 4 25 
5 4 4 25 
10 4 4 25 
20 4 4 25 
25 4 4 25 
50 4 4 25 
100 4 4 25 
1 5 4 25 
2 5 4 25 
4 5 4 25 
5 5 4 25 
10 5 4 25 
20 5 4 25 
25 5 4 25 
50 5 4 25 
100 5 4 25 
1 10 4 25 
2 10 4 25 
4 10 4 25 
5 10 4 25 
10 10 4 25 
20 10 4 25 
25 10 4 25 
50 10 4 25 
100 10 4 25 
1 20 4 25 
2 20 4 25 
4 20 4 25 
5 20 4 25 
10 20 4 25 
20 20 4 25 
25 20 4 25 
50 20 4 25 
100 20 4 25 
1 25 4 25 
2 25 4 25 
4 25 4 25 
5 25 4 25 
10 25 4 25 
20 25 4 25 
25 25 4 25 
50 25 4 25 
100 25 4 25 
1 50 4 25 
2 50 4 25 
4 50 4 25 
5 50 4 25 
10 50 4 25 
20 50 4 25 
25 50 4 25 
50 50 4 25 
100 50 4 25 
1 100 4 25 
2 100 4 25 
4 100 4 25 
5 100 4 25 
10 100 4 25 
20 100 4 25 
25 100 4 25 
50 100 4 25 
100 100 4 25 
1 1 5 25 
2 1 5 25 
4 1 5 25 
5 1 5 25 
10 1 5 25 
20 1 5 25 
25 1 5 25 
50 1 5 25 
100 1 5 25 
1 2 5 25 
2 2 5 25 
4 2 5 25 
5 2 5 25 
10 2 5 25 
20 2 5 25 
25 2 5 25 
50 2 5 25 
100 2 5 25 
1 4 5 25 
2 4 5 25 
4 4 5 25 
5 4 5 25 
10 4 5 25 
20 4 5 25 
25 4 5 25 
50 4 5 25 
100 4 5 25 
1 5 5 25 
2 5 5 25 
4 5 5 25 
5 5 5 25 
10 5 5 25 
20 5 5 25 
25 5 5 25 
50 5 5 25 
100 5 5 25 
1 10 5 25 
2 10 5 25 
4 10 5 25 
5 10 5 25 
10 10 5 25 
20 10 5 25 
25 10 5 25 
50 10 5 25 
100 10 5 25 
1 20 5 25 
2 20 5 25 
4 20 5 25 
5 20 5 25 
10 20 5 25 
20 20 5 25 
25 20 5 25 
50 20 5 25 
100 20 5 25 
1 25 5 25 
2 25 5 25 
4 25 5 25 
5 25 5 25 
10 25 5 25 
20 25 5 25 
25 25 5 25 
50 25 5 25 
100 25 5 25 
1 50 5 25 
2 50 5 25 
4 50 5 25 
5 50 5 25 
10 50 5 25 
20 50 5 25 
25 50 5 25 
50 50 5 25 
100 50 5 25 
1 100 5 25 
2 100 5 25 
4 100 5 25 
5 100 5 25 
10 100 5 25 
20 100 5 25 
25 100 5 25 
50 100 5 25 
100 100 5 25 
1 1 10 25 
2 1 10 25 
4 1 10 25 
5 1 10 25 
10 1 10 25 
20 1 10 25 
25 1 10 25 
50 1 10 25 
100 1 10 25 
1 2 10 25 
2 2 10 25 
4 2 10 25 
5 2 10 25 
10 2 10 25 
20 2 10 25 
25 2 10 25 
50 2 10 25 
100 2 10 25 
1 4 10 25 
2 4 10 25 
4 4 10 25 
5 4 10 25 
10 4 10 25 
20 4 10 25 
25 4 10 25 
50 4 10 25 
100 4 10 25 
1 5 10 25 
2 5 10 25 
4 5 10 25 
5 5 10 25 
10 5 10 25 
20 5 10 25 
25 5 10 25 
50 5 10 25 
100 5 10 25 
1 10 10 25 
2 10 10 25 
4 10 10 25 
5 10 10 25 
10 10 10 25 
20 10 10 25 
25 10 10 25 
50 10 10 25 
100 10 10 25 
1 20 10 25 
2 20 10 25 
4 20 10 25 
5 20 10 25 
10 20 10 25 
20 20 10 25 
25 20 10 25 
50 20 10 25 
100 20 10 25 
1 25 10 25 
2 25 10 25 
4 25 10 25 
5 25 10 25 
10 25 10 25 
20 25 10 25 
25 25 10 25 
50 25 10 25 
100 25 10 25 
1 50 10 25 
2 50 10 25 
4 50 10 25 
5 50 10 25 
10 50 10 25 
20 50 10 25 
25 50 10 25 
50 50 10 25 
100 50 10 25 
1 100 10 25 
2 100 10 25 
4 100 10 25 
5 100 10 25 
10 100 10 25 
20 100 10 25 
25 100 10 25 
50 100 10 25 
100 100 10 25 
1 1 20 25 
2 1 20 25 
4 1 20 25 
5 1 20 25 
10 1 20 25 
20 1 20 25 
25 1 20 25 
50 1 20 25 
100 1 20 25 
1 2 20 25 
2 2 20 25 
4 2 20 25 
5 2 20 25 
10 2 20 25 
20 2 20 25 
25 2 20 25 
50 2 20 25 
100 2 20 25 
1 4 20 25 
2 4 20 25 
4 4 20 25 
5 4 20 25 
10 4 20 25 
20 4 20 25 
25 4 20 25 
50 4 20 25 
100 4 20 25 
1 5 20 25 
2 5 20 25 
4 5 20 25 
5 5 20 25 
10 5 20 25 
20 5 20 25 
25 5 20 25 
50 5 20 25 
100 5 20 25 
1 10 20 25 
2 10 20 25 
4 10 20 25 
5 10 20 25 
10 10 20 25 
20 10 20 25 
25 10 20 25 
50 10 20 25 
100 10 20 25 
1 20 20 25 
2 20 20 25 
4 20 20 25 
5 20 20 25 
10 20 20 25 
20 20 20 25 
25 20 20 25 
50 20 20 25 
100 20 20 25 
1 25 20 25 
2 25 20 25 
4 25 20 25 
5 25 20 25 
10 25 20 25 
20 25 20 25 
25 25 20 25 
50 25 20 25 
100 25 20 25 
1 50 20 25 
2 50 20 25 
4 50 20 25 
5 50 20 25 
10 50 20 25 
20 50 20 25 
25 50 20 25 
50 50 20 25 
100 50 20 25 
1 100 20 25 
2 100 20 25 
4 100 20 25 
5 100 20 25 
10 100 20 25 
20 100 20 25 
25 100 20 25 
50 100 20 25 
100 100 20 25 
1 1 25 25 
2 1 25 25 
4 1 25 25 
5 1 25 25 
10 1 25 25 
20 1 25 25 
25 1 25 25 
50 1 25 25 
100 1 25 25 
1 2 25 25 
2 2 25 25 
4 2 25 25 
5 2 25 25 
10 2 25 25 
20 2 25 25 
25 2 25 25 
50 2 25 25 
100 2 25 25 
1 4 25 25 
2 4 25 25 
4 4 25 25 
5 4 25 25 
10 4 25 25 
20 4 25 25 
25 4 25 25 
50 4 25 25 
100 4 25 25 
1 5 25 25 
2 5 25 25 
4 5 25 25 
5 5 25 25 
10 5 25 25 
20 5 25 25 
25 5 25 25 
50 5 25 25 
100 5 25 25 
1 10 25 25 
2 10 25 25 
4 10 25 25 
5 10 25 25 
10 10 25 25 
20 10 25 25 
25 10 25 25 
50 10 25 25 
100 10 25 25 
1 20 25 25 
2 20 25 25 
4 20 25 25 
5 20 25 25 
10 20 25 25 
20 20 25 25 
25 20 25 25 
50 20 25 25 
100 20 25 25 
1 25 25 25 
2 25 25 25 
4 25 25 25 
5 25 25 25 
10 25 25 25 
20 25 25 25 
25 25 25 25 
50 25 25 25 
100 25 25 25 
1 50 25 25 
2 50 25 25 
4 50 25 25 
5 50 25 25 
10 50 25 25 
20 50 25 25 
25 50 25 25 
50 50 25 25 
100 50 25 25 
1 100 25 25 
2 100 25 25 
4 100 25 25 
5 100 25 25 
10 100 25 25 
20 100 25 25 
25 100 25 25 
50 100 25 25 
100 100 25 25 
1 1 50 25 
2 1 50 25 
4 1 50 25 
5 1 50 25 
10 1 50 25 
20 1 50 25 
25 1 50 25 
50 1 50 25 
100 1 50 25 
1 2 50 25 
2 2 50 25 
4 2 50 25 
5 2 50 25 
10 2 50 25 
20 2 50 25 
25 2 50 25 
50 2 50 25 
100 2 50 25 
1 4 50 25 
2 4 50 25 
4 4 50 25 
5 4 50 25 
10 4 50 25 
20 4 50 25 
25 4 50 25 
50 4 50 25 
100 4 50 25 
1 5 50 25 
2 5 50 25 
4 5 50 25 
5 5 50 25 
10 5 50 25 
20 5 50 25 
25 5 50 25 
50 5 50 25 
100 5 50 25 
1 10 50 25 
2 10 50 25 
4 10 50 25 
5 10 50 25 
10 10 50 25 
20 10 50 25 
25 10 50 25 
50 10 50 25 
100 10 50 25 
1 20 50 25 
2 20 50 25 
4 20 50 25 
5 20 50 25 
10 20 50 25 
20 20 50 25 
25 20 50 25 
50 20 50 25 
100 20 50 25 
1 25 50 25 
2 25 50 25 
4 25 50 25 
5 25 50 25 
10 25 50 25 
20 25 50 25 
25 25 50 25 
50 25 50 25 
100 25 50 25 
1 50 50 25 
2 50 50 25 
4 50 50 25 
5 50 50 25 
10 50 50 25 
20 50 50 25 
25 50 50 25 
50 50 50 25 
100 50 50 25 
1 100 50 25 
2 100 50 25 
4 100 50 25 
5 100 50 25 
10 100 50 25 
20 100 50 25 
25 100 50 25 
50 100 50 25 
100 100 50 25 
1 1 100 25 
2 1 100 25 
4 1 100 25 
5 1 100 25 
10 1 100 25 
20 1 100 25 
25 1 100 25 
50 1 100 25 
100 1 100 25 
1 2 100 25 
2 2 100 25 
4 2 100 25 
5 2 100 25 
10 2 100 25 
20 2 100 25 
25 2 100 25 
50 2 100 25 
100 2 100 25 
1 4 100 25 
2 4 100 25 
4 4 100 25 
5 4 100 25 
10 4 100 25 
20 4 100 25 
25 4 100 25 
50 4 100 25 
100 4 100 25 
1 5 100 25 
2 5 100 25 
4 5 100 25 
5 5 100 25 
10 5 100 25 
20 5 100 25 
25 5 100 25 
50 5 100 25 
100 5 100 25 
1 10 100 25 
2 10 100 25 
4 10 100 25 
5 10 100 25 
10 10 100 25 
20 10 100 25 
25 10 100 25 
50 10 100 25 
100 10 100 25 
1 20 100 25 
2 20 100 25 
4 20 100 25 
5 20 100 25 
10 20 100 25 
20 20 100 25 
25 20 100 25 
50 20 100 25 
100 20 100 25 
1 25 100 25 
2 25 100 25 
4 25 100 25 
5 25 100 25 
10 25 100 25 
20 25 100 25 
25 25 100 25 
50 25 100 25 
100 25 100 25 
1 50 100 25 
2 50 100 25 
4 50 100 25 
5 50 100 25 
10 50 100 25 
20 50 100 25 
25 50 100 25 
50 50 100 25 
100 50 100 25 
1 100 100 25 
2 100 100 25 
4 100 100 25 
5 100 100 25 
10 100 100 25 
20 100 100 25 
25 100 100 25 
50 100 100 25 
100 100 100 25 
1 1 1 50 
2 1 1 50 
4 1 1 50 
5 1 1 50 
10 1 1 50 
20 1 1 50 
25 1 1 50 
50 1 1 50 
100 1 1 50 
1 2 1 50 
2 2 1 50 
4 2 1 50 
5 2 1 50 
10 2 1 50 
20 2 1 50 
25 2 1 50 
50 2 1 50 
100 2 1 50 
1 4 1 50 
2 4 1 50 
4 4 1 50 
5 4 1 50 
10 4 1 50 
20 4 1 50 
25 4 1 50 
50 4 1 50 
100 4 1 50 
1 5 1 50 
2 5 1 50 
4 5 1 50 
5 5 1 50 
10 5 1 50 
20 5 1 50 
25 5 1 50 
50 5 1 50 
100 5 1 50 
1 10 1 50 
2 10 1 50 
4 10 1 50 
5 10 1 50 
10 10 1 50 
20 10 1 50 
25 10 1 50 
50 10 1 50 
100 10 1 50 
1 20 1 50 
2 20 1 50 
4 20 1 50 
5 20 1 50 
10 20 1 50 
20 20 1 50 
25 20 1 50 
50 20 1 50 
100 20 1 50 
1 25 1 50 
2 25 1 50 
4 25 1 50 
5 25 1 50 
10 25 1 50 
20 25 1 50 
25 25 1 50 
50 25 1 50 
100 25 1 50 
1 50 1 50 
2 50 1 50 
4 50 1 50 
5 50 1 50 
10 50 1 50 
20 50 1 50 
25 50 1 50 
50 50 1 50 
100 50 1 50 
1 100 1 50 
2 100 1 50 
4 100 1 50 
5 100 1 50 
10 100 1 50 
20 100 1 50 
25 100 1 50 
50 100 1 50 
100 100 1 50 
1 1 2 50 
2 1 2 50 
4 1 2 50 
5 1 2 50 
10 1 2 50 
20 1 2 50 
25 1 2 50 
50 1 2 50 
100 1 2 50 
1 2 2 50 
2 2 2 50 
4 2 2 50 
5 2 2 50 
10 2 2 50 
20 2 2 50 
25 2 2 50 
50 2 2 50 
100 2 2 50 
1 4 2 50 
2 4 2 50 
4 4 2 50 
5 4 2 50 
10 4 2 50 
20 4 2 50 
25 4 2 50 
50 4 2 50 
100 4 2 50 
1 5 2 50 
2 5 2 50 
4 5 2 50 
5 5 2 50 
10 5 2 50 
20 5 2 50 
25 5 2 50 
50 5 2 50 
100 5 2 50 
1 10 2 50 
2 10 2 50 
4 10 2 50 
5 10 2 50 
10 10 2 50 
20 10 2 50 
25 10 2 50 
50 10 2 50 
100 10 2 50 
1 20 2 50 
2 20 2 50 
4 20 2 50 
5 20 2 50 
10 20 2 50 
20 20 2 50 
25 20 2 50 
50 20 2 50 
100 20 2 50 
1 25 2 50 
2 25 2 50 
4 25 2 50 
5 25 2 50 
10 25 2 50 
20 25 2 50 
25 25 2 50 
50 25 2 50 
100 25 2 50 
1 50 2 50 
2 50 2 50 
4 50 2 50 
5 50 2 50 
10 50 2 50 
20 50 2 50 
25 50 2 50 
50 50 2 50 
100 50 2 50 
1 100 2 50 
2 100 2 50 
4 100 2 50 
5 100 2 50 
10 100 2 50 
20 100 2 50 
25 100 2 50 
50 100 2 50 
100 100 2 50 
1 1 4 50 
2 1 4 50 
4 1 4 50 
5 1 4 50 
10 1 4 50 
20 1 4 50 
25 1 4 50 
50 1 4 50 
100 1 4 50 
1 2 4 50 
2 2 4 50 
4 2 4 50 
5 2 4 50 
10 2 4 50 
20 2 4 50 
25 2 4 50 
50 2 4 50 
100 2 4 50 
1 4 4 50 
2 4 4 50 
4 4 4 50 
5 4 4 50 
10 4 4 50 
20 4 4 50 
25 4 4 50 
50 4 4 50 
100 4 4 50 
1 5 4 50 
2 5 4 50 
4 5 4 50 
5 5 4 50 
10 5 4 50 
20 5 4 50 
25 5 4 50 
50 5 4 50 
100 5 4 50 
1 10 4 50 
2 10 4 50 
4 10 4 50 
5 10 4 50 
10 10 4 50 
20 10 4 50 
25 10 4 50 
50 10 4 50 
100 10 4 50 
1 20 4 50 
2 20 4 50 
4 20 4 50 
5 20 4 50 
10 20 4 50 
20 20 4 50 
25 20 4 50 
50 20 4 50 
100 20 4 50 
1 25 4 50 
2 25 4 50 
4 25 4 50 
5 25 4 50 
10 25 4 50 
20 25 4 50 
25 25 4 50 
50 25 4 50 
100 25 4 50 
1 50 4 50 
2 50 4 50 
4 50 4 50 
5 50 4 50 
10 50 4 50 
20 50 4 50 
25 50 4 50 
50 50 4 50 
100 50 4 50 
1 100 4 50 
2 100 4 50 
4 100 4 50 
5 100 4 50 
10 100 4 50 
20 100 4 50 
25 100 4 50 
50 100 4 50 
100 100 4 50 
1 1 5 50 
2 1 5 50 
4 1 5 50 
5 1 5 50 
10 1 5 50 
20 1 5 50 
25 1 5 50 
50 1 5 50 
100 1 5 50 
1 2 5 50 
2 2 5 50 
4 2 5 50 
5 2 5 50 
10 2 5 50 
20 2 5 50 
25 2 5 50 
50 2 5 50 
100 2 5 50 
1 4 5 50 
2 4 5 50 
4 4 5 50 
5 4 5 50 
10 4 5 50 
20 4 5 50 
25 4 5 50 
50 4 5 50 
100 4 5 50 
1 5 5 50 
2 5 5 50 
4 5 5 50 
5 5 5 50 
10 5 5 50 
20 5 5 50 
25 5 5 50 
50 5 5 50 
100 5 5 50 
1 10 5 50 
2 10 5 50 
4 10 5 50 
5 10 5 50 
10 10 5 50 
20 10 5 50 
25 10 5 50 
50 10 5 50 
100 10 5 50 
1 20 5 50 
2 20 5 50 
4 20 5 50 
5 20 5 50 
10 20 5 50 
20 20 5 50 
25 20 5 50 
50 20 5 50 
100 20 5 50 
1 25 5 50 
2 25 5 50 
4 25 5 50 
5 25 5 50 
10 25 5 50 
20 25 5 50 
25 25 5 50 
50 25 5 50 
100 25 5 50 
1 50 5 50 
2 50 5 50 
4 50 5 50 
5 50 5 50 
10 50 5 50 
20 50 5 50 
25 50 5 50 
50 50 5 50 
100 50 5 50 
1 100 5 50 
2 100 5 50 
4 100 5 50 
5 100 5 50 
10 100 5 50 
20 100 5 50 
25 100 5 50 
50 100 5 50 
100 100 5 50 
1 1 10 50 
2 1 10 50 
4 1 10 50 
5 1 10 50 
10 1 10 50 
20 1 10 50 
25 1 10 50 
50 1 10 50 
100 1 10 50 
1 2 10 50 
2 2 10 50 
4 2 10 50 
5 2 10 50 
10 2 10 50 
20 2 10 50 
25 2 10 50 
50 2 10 50 
100 2 10 50 
1 4 10 50 
2 4 10 50 
4 4 10 50 
5 4 10 50 
10 4 10 50 
20 4 10 50 
25 4 10 50 
50 4 10 50 
100 4 10 50 
1 5 10 50 
2 5 10 50 
4 5 10 50 
5 5 10 50 
10 5 10 50 
20 5 10 50 
25 5 10 50 
50 5 10 50 
100 5 10 50 
1 10 10 50 
2 10 10 50 
4 10 10 50 
5 10 10 50 
10 10 10 50 
20 10 10 50 
25 10 10 50 
50 10 10 50 
100 10 10 50 
1 20 10 50 
2 20 10 50 
4 20 10 50 
5 20 10 50 
10 20 10 50 
20 20 10 50 
25 20 10 50 
50 20 10 50 
100 20 10 50 
1 25 10 50 
2 25 10 50 
4 25 10 50 
5 25 10 50 
10 25 10 50 
20 25 10 50 
25 25 10 50 
50 25 10 50 
100 25 10 50 
1 50 10 50 
2 50 10 50 
4 50 10 50 
5 50 10 50 
10 50 10 50 
20 50 10 50 
25 50 10 50 
50 50 10 50 
100 50 10 50 
1 100 10 50 
2 100 10 50 
4 100 10 50 
5 100 10 50 
10 100 10 50 
20 100 10 50 
25 100 10 50 
50 100 10 50 
100 100 10 50 
1 1 20 50 
2 1 20 50 
4 1 20 50 
5 1 20 50 
10 1 20 50 
20 1 20 50 
25 1 20 50 
50 1 20 50 
100 1 20 50 
1 2 20 50 
2 2 20 50 
4 2 20 50 
5 2 20 50 
10 2 20 50 
20 2 20 50 
25 2 20 50 
50 2 20 50 
100 2 20 50 
1 4 20 50 
2 4 20 50 
4 4 20 50 
5 4 20 50 
10 4 20 50 
20 4 20 50 
25 4 20 50 
50 4 20 50 
100 4 20 50 
1 5 20 50 
2 5 20 50 
4 5 20 50 
5 5 20 50 
10 5 20 50 
20 5 20 50 
25 5 20 50 
50 5 20 50 
100 5 20 50 
1 10 20 50 
2 10 20 50 
4 10 20 50 
5 10 20 50 
10 10 20 50 
20 10 20 50 
25 10 20 50 
50 10 20 50 
100 10 20 50 
1 20 20 50 
2 20 20 50 
4 20 20 50 
5 20 20 50 
10 20 20 50 
20 20 20 50 
25 20 20 50 
50 20 20 50 
100 20 20 50 
1 25 20 50 
2 25 20 50 
4 25 20 50 
5 25 20 50 
10 25 20 50 
20 25 20 50 
25 25 20 50 
50 25 20 50 
100 25 20 50 
1 50 20 50 
2 50 20 50 
4 50 20 50 
5 50 20 50 
10 50 20 50 
20 50 20 50 
25 50 20 50 
50 50 20 50 
100 50 20 50 
1 100 20 50 
2 100 20 50 
4 100 20 50 
5 100 20 50 
10 100 20 50 
20 100 20 50 
25 100 20 50 
50 100 20 50 
100 100 20 50 
1 1 25 50 
2 1 25 50 
4 1 25 50 
5 1 25 50 
10 1 25 50 
20 1 25 50 
25 1 25 50 
50 1 25 50 
100 1 25 50 
1 2 25 50 
2 2 25 50 
4 2 25 50 
5 2 25 50 
10 2 25 50 
20 2 25 50 
25 2 25 50 
50 2 25 50 
100 2 25 50 
1 4 25 50 
2 4 25 50 
4 4 25 50 
5 4 25 50 
10 4 25 50 
20 4 25 50 
25 4 25 50 
50 4 25 50 
100 4 25 50 
1 5 25 50 
2 5 25 50 
4 5 25 50 
5 5 25 50 
10 5 25 50 
20 5 25 50 
25 5 25 50 
50 5 25 50 
100 5 25 50 
1 10 25 50 
2 10 25 50 
4 10 25 50 
5 10 25 50 
10 10 25 50 
20 10 25 50 
25 10 25 50 
50 10 25 50 
100 10 25 50 
1 20 25 50 
2 20 25 50 
4 20 25 50 
5 20 25 50 
10 20 25 50 
20 20 25 50 
25 20 25 50 
50 20 25 50 
100 20 25 50 
1 25 25 50 
2 25 25 50 
4 25 25 50 
5 25 25 50 
10 25 25 50 
20 25 25 50 
25 25 25 50 
50 25 25 50 
100 25 25 50 
1 50 25 50 
2 50 25 50 
4 50 25 50 
5 50 25 50 
10 50 25 50 
20 50 25 50 
25 50 25 50 
50 50 25 50 
100 50 25 50 
1 100 25 50 
2 100 25 50 
4 100 25 50 
5 100 25 50 
10 100 25 50 
20 100 25 50 
25 100 25 50 
50 100 25 50 
100 100 25 50 
1 1 50 50 
2 1 50 50 
4 1 50 50 
5 1 50 50 
10 1 50 50 
20 1 50 50 
25 1 50 50 
50 1 50 50 
100 1 50 50 
1 2 50 50 
2 2 50 50 
4 2 50 50 
5 2 50 50 
10 2 50 50 
20 2 50 50 
25 2 50 50 
50 2 50 50 
100 2 50 50 
1 4 50 50 
2 4 50 50 
4 4 50 50 
5 4 50 50 
10 4 50 50 
20 4 50 50 
25 4 50 50 
50 4 50 50 
100 4 50 50 
1 5 50 50 
2 5 50 50 
4 5 50 50 
5 5 50 50 
10 5 50 50 
20 5 50 50 
25 5 50 50 
50 5 50 50 
100 5 50 50 
1 10 50 50 
2 10 50 50 
4 10 50 50 
5 10 50 50 
10 10 50 50 
20 10 50 50 
25 10 50 50 
50 10 50 50 
100 10 50 50 
1 20 50 50 
2 20 50 50 
4 20 50 50 
5 20 50 50 
10 20 50 50 
20 20 50 50 
25 20 50 50 
50 20 50 50 
100 20 50 50 
1 25 50 50 
2 25 50 50 
4 25 50 50 
5 25 50 50 
10 25 50 50 
20 25 50 50 
25 25 50 50 
50 25 50 50 
100 25 50 50 
1 50 50 50 
2 50 50 50 
4 50 50 50 
5 50 50 50 
10 50 50 50 
20 50 50 50 
25 50 50 50 
50 50 50 50 
100 50 50 50 
1 100 50 50 
2 100 50 50 
4 100 50 50 
5 100 50 50 
10 100 50 50 
20 100 50 50 
25 100 50 50 
50 100 50 50 
100 100 50 50 
1 1 100 50 
2 1 100 50 
4 1 100 50 
5 1 100 50 
10 1 100 50 
20 1 100 50 
25 1 100 50 
50 1 100 50 
100 1 100 50 
1 2 100 50 
2 2 100 50 
4 2 100 50 
5 2 100 50 
10 2 100 50 
20 2 100 50 
25 2 100 50 
50 2 100 50 
100 2 100 50 
1 4 100 50 
2 4 100 50 
4 4 100 50 
5 4 100 50 
10 4 100 50 
20 4 100 50 
25 4 100 50 
50 4 100 50 
100 4 100 50 
1 5 100 50 
2 5 100 50 
4 5 100 50 
5 5 100 50 
10 5 100 50 
20 5 100 50 
25 5 100 50 
50 5 100 50 
100 5 100 50 
1 10 100 50 
2 10 100 50 
4 10 100 50 
5 10 100 50 
10 10 100 50 
20 10 100 50 
25 10 100 50 
50 10 100 50 
100 10 100 50 
1 20 100 50 
2 20 100 50 
4 20 100 50 
5 20 100 50 
10 20 100 50 
20 20 100 50 
25 20 100 50 
50 20 100 50 
100 20 100 50 
1 25 100 50 
2 25 100 50 
4 25 100 50 
5 25 100 50 
10 25 100 50 
20 25 100 50 
25 25 100 50 
50 25 100 50 
100 25 100 50 
1 50 100 50 
2 50 100 50 
4 50 100 50 
5 50 100 50 
10 50 100 50 
20 50 100 50 
25 50 100 50 
50 50 100 50 
100 50 100 50 
1 100 100 50 
2 100 100 50 
4 100 100 50 
5 100 100 50 
10 100 100 50 
20 100 100 50 
25 100 100 50 
50 100 100 50 
100 100 100 50 
1 1 1 100 
2 1 1 100 
4 1 1 100 
5 1 1 100 
10 1 1 100 
20 1 1 100 
25 1 1 100 
50 1 1 100 
100 1 1 100 
1 2 1 100 
2 2 1 100 
4 2 1 100 
5 2 1 100 
10 2 1 100 
20 2 1 100 
25 2 1 100 
50 2 1 100 
100 2 1 100 
1 4 1 100 
2 4 1 100 
4 4 1 100 
5 4 1 100 
10 4 1 100 
20 4 1 100 
25 4 1 100 
50 4 1 100 
100 4 1 100 
1 5 1 100 
2 5 1 100 
4 5 1 100 
5 5 1 100 
10 5 1 100 
20 5 1 100 
25 5 1 100 
50 5 1 100 
100 5 1 100 
1 10 1 100 
2 10 1 100 
4 10 1 100 
5 10 1 100 
10 10 1 100 
20 10 1 100 
25 10 1 100 
50 10 1 100 
100 10 1 100 
1 20 1 100 
2 20 1 100 
4 20 1 100 
5 20 1 100 
10 20 1 100 
20 20 1 100 
25 20 1 100 
50 20 1 100 
100 20 1 100 
1 25 1 100 
2 25 1 100 
4 25 1 100 
5 25 1 100 
10 25 1 100 
20 25 1 100 
25 25 1 100 
50 25 1 100 
100 25 1 100 
1 50 1 100 
2 50 1 100 
4 50 1 100 
5 50 1 100 
10 50 1 100 
20 50 1 100 
25 50 1 100 
50 50 1 100 
100 50 1 100 
1 100 1 100 
2 100 1 100 
4 100 1 100 
5 100 1 100 
10 100 1 100 
20 100 1 100 
25 100 1 100 
50 100 1 100 
100 100 1 100 
1 1 2 100 
2 1 2 100 
4 1 2 100 
5 1 2 100 
10 1 2 100 
20 1 2 100 
25 1 2 100 
50 1 2 100 
100 1 2 100 
1 2 2 100 
2 2 2 100 
4 2 2 100 
5 2 2 100 
10 2 2 100 
20 2 2 100 
25 2 2 100 
50 2 2 100 
100 2 2 100 
1 4 2 100 
2 4 2 100 
4 4 2 100 
5 4 2 100 
10 4 2 100 
20 4 2 100 
25 4 2 100 
50 4 2 100 
100 4 2 100 
1 5 2 100 
2 5 2 100 
4 5 2 100 
5 5 2 100 
10 5 2 100 
20 5 2 100 
25 5 2 100 
50 5 2 100 
100 5 2 100 
1 10 2 100 
2 10 2 100 
4 10 2 100 
5 10 2 100 
10 10 2 100 
20 10 2 100 
25 10 2 100 
50 10 2 100 
100 10 2 100 
1 20 2 100 
2 20 2 100 
4 20 2 100 
5 20 2 100 
10 20 2 100 
20 20 2 100 
25 20 2 100 
50 20 2 100 
100 20 2 100 
1 25 2 100 
2 25 2 100 
4 25 2 100 
5 25 2 100 
10 25 2 100 
20 25 2 100 
25 25 2 100 
50 25 2 100 
100 25 2 100 
1 50 2 100 
2 50 2 100 
4 50 2 100 
5 50 2 100 
10 50 2 100 
20 50 2 100 
25 50 2 100 
50 50 2 100 
100 50 2 100 
1 100 2 100 
2 100 2 100 
4 100 2 100 
5 100 2 100 
10 100 2 100 
20 100 2 100 
25 100 2 100 
50 100 2 100 
100 100 2 100 
1 1 4 100 
2 1 4 100 
4 1 4 100 
5 1 4 100 
10 1 4 100 
20 1 4 100 
25 1 4 100 
50 1 4 100 
100 1 4 100 
1 2 4 100 
2 2 4 100 
4 2 4 100 
5 2 4 100 
10 2 4 100 
20 2 4 100 
25 2 4 100 
50 2 4 100 
100 2 4 100 
1 4 4 100 
2 4 4 100 
4 4 4 100 
5 4 4 100 
10 4 4 100 
20 4 4 100 
25 4 4 100 
50 4 4 100 
100 4 4 100 
1 5 4 100 
2 5 4 100 
4 5 4 100 
5 5 4 100 
10 5 4 100 
20 5 4 100 
25 5 4 100 
50 5 4 100 
100 5 4 100 
1 10 4 100 
2 10 4 100 
4 10 4 100 
5 10 4 100 
10 10 4 100 
20 10 4 100 
25 10 4 100 
50 10 4 100 
100 10 4 100 
1 20 4 100 
2 20 4 100 
4 20 4 100 
5 20 4 100 
10 20 4 100 
20 20 4 100 
25 20 4 100 
50 20 4 100 
100 20 4 100 
1 25 4 100 
2 25 4 100 
4 25 4 100 
5 25 4 100 
10 25 4 100 
20 25 4 100 
25 25 4 100 
50 25 4 100 
100 25 4 100 
1 50 4 100 
2 50 4 100 
4 50 4 100 
5 50 4 100 
10 50 4 100 
20 50 4 100 
25 50 4 100 
50 50 4 100 
100 50 4 100 
1 100 4 100 
2 100 4 100 
4 100 4 100 
5 100 4 100 
10 100 4 100 
20 100 4 100 
25 100 4 100 
50 100 4 100 
100 100 4 100 
1 1 5 100 
2 1 5 100 
4 1 5 100 
5 1 5 100 
10 1 5 100 
20 1 5 100 
25 1 5 100 
50 1 5 100 
100 1 5 100 
1 2 5 100 
2 2 5 100 
4 2 5 100 
5 2 5 100 
10 2 5 100 
20 2 5 100 
25 2 5 100 
50 2 5 100 
100 2 5 100 
1 4 5 100 
2 4 5 100 
4 4 5 100 
5 4 5 100 
10 4 5 100 
20 4 5 100 
25 4 5 100 
50 4 5 100 
100 4 5 100 
1 5 5 100 
2 5 5 100 
4 5 5 100 
5 5 5 100 
10 5 5 100 
20 5 5 100 
25 5 5 100 
50 5 5 100 
100 5 5 100 
1 10 5 100 
2 10 5 100 
4 10 5 100 
5 10 5 100 
10 10 5 100 
20 10 5 100 
25 10 5 100 
50 10 5 100 
100 10 5 100 
1 20 5 100 
2 20 5 100 
4 20 5 100 
5 20 5 100 
10 20 5 100 
20 20 5 100 
25 20 5 100 
50 20 5 100 
100 20 5 100 
1 25 5 100 
2 25 5 100 
4 25 5 100 
5 25 5 100 
10 25 5 100 
20 25 5 100 
25 25 5 100 
50 25 5 100 
100 25 5 100 
1 50 5 100 
2 50 5 100 
4 50 5 100 
5 50 5 100 
10 50 5 100 
20 50 5 100 
25 50 5 100 
50 50 5 100 
100 50 5 100 
1 100 5 100 
2 100 5 100 
4 100 5 100 
5 100 5 100 
10 100 5 100 
20 100 5 100 
25 100 5 100 
50 100 5 100 
100 100 5 100 
1 1 10 100 
2 1 10 100 
4 1 10 100 
5 1 10 100 
10 1 10 100 
20 1 10 100 
25 1 10 100 
50 1 10 100 
100 1 10 100 
1 2 10 100 
2 2 10 100 
4 2 10 100 
5 2 10 100 
10 2 10 100 
20 2 10 100 
25 2 10 100 
50 2 10 100 
100 2 10 100 
1 4 10 100 
2 4 10 100 
4 4 10 100 
5 4 10 100 
10 4 10 100 
20 4 10 100 
25 4 10 100 
50 4 10 100 
100 4 10 100 
1 5 10 100 
2 5 10 100 
4 5 10 100 
5 5 10 100 
10 5 10 100 
20 5 10 100 
25 5 10 100 
50 5 10 100 
100 5 10 100 
1 10 10 100 
2 10 10 100 
4 10 10 100 
5 10 10 100 
10 10 10 100 
20 10 10 100 
25 10 10 100 
50 10 10 100 
100 10 10 100 
1 20 10 100 
2 20 10 100 
4 20 10 100 
5 20 10 100 
10 20 10 100 
20 20 10 100 
25 20 10 100 
50 20 10 100 
100 20 10 100 
1 25 10 100 
2 25 10 100 
4 25 10 100 
5 25 10 100 
10 25 10 100 
20 25 10 100 
25 25 10 100 
50 25 10 100 
100 25 10 100 
1 50 10 100 
2 50 10 100 
4 50 10 100 
5 50 10 100 
10 50 10 100 
20 50 10 100 
25 50 10 100 
50 50 10 100 
100 50 10 100 
1 100 10 100 
2 100 10 100 
4 100 10 100 
5 100 10 100 
10 100 10 100 
20 100 10 100 
25 100 10 100 
50 100 10 100 
100 100 10 100 
1 1 20 100 
2 1 20 100 
4 1 20 100 
5 1 20 100 
10 1 20 100 
20 1 20 100 
25 1 20 100 
50 1 20 100 
100 1 20 100 
1 2 20 100 
2 2 20 100 
4 2 20 100 
5 2 20 100 
10 2 20 100 
20 2 20 100 
25 2 20 100 
50 2 20 100 
100 2 20 100 
1 4 20 100 
2 4 20 100 
4 4 20 100 
5 4 20 100 
10 4 20 100 
20 4 20 100 
25 4 20 100 
50 4 20 100 
100 4 20 100 
1 5 20 100 
2 5 20 100 
4 5 20 100 
5 5 20 100 
10 5 20 100 
20 5 20 100 
25 5 20 100 
50 5 20 100 
100 5 20 100 
1 10 20 100 
2 10 20 100 
4 10 20 100 
5 10 20 100 
10 10 20 100 
20 10 20 100 
25 10 20 100 
50 10 20 100 
100 10 20 100 
1 20 20 100 
2 20 20 100 
4 20 20 100 
5 20 20 100 
10 20 20 100 
20 20 20 100 
25 20 20 100 
50 20 20 100 
100 20 20 100 
1 25 20 100 
2 25 20 100 
4 25 20 100 
5 25 20 100 
10 25 20 100 
20 25 20 100 
25 25 20 100 
50 25 20 100 
100 25 20 100 
1 50 20 100 
2 50 20 100 
4 50 20 100 
5 50 20 100 
10 50 20 100 
20 50 20 100 
25 50 20 100 
50 50 20 100 
100 50 20 100 
1 100 20 100 
2 100 20 100 
4 100 20 100 
5 100 20 100 
10 100 20 100 
20 100 20 100 
25 100 20 100 
50 100 20 100 
100 100 20 100 
1 1 25 100 
2 1 25 100 
4 1 25 100 
5 1 25 100 
10 1 25 100 
20 1 25 100 
25 1 25 100 
50 1 25 100 
100 1 25 100 
1 2 25 100 
2 2 25 100 
4 2 25 100 
5 2 25 100 
10 2 25 100 
20 2 25 100 
25 2 25 100 
50 2 25 100 
100 2 25 100 
1 4 25 100 
2 4 25 100 
4 4 25 100 
5 4 25 100 
10 4 25 100 
20 4 25 100 
25 4 25 100 
50 4 25 100 
100 4 25 100 
1 5 25 100 
2 5 25 100 
4 5 25 100 
5 5 25 100 
10 5 25 100 
20 5 25 100 
25 5 25 100 
50 5 25 100 
100 5 25 100 
1 10 25 100 
2 10 25 100 
4 10 25 100 
5 10 25 100 
10 10 25 100 
20 10 25 100 
25 10 25 100 
50 10 25 100 
100 10 25 100 
1 20 25 100 
2 20 25 100 
4 20 25 100 
5 20 25 100 
10 20 25 100 
20 20 25 100 
25 20 25 100 
50 20 25 100 
100 20 25 100 
1 25 25 100 
2 25 25 100 
4 25 25 100 
5 25 25 100 
10 25 25 100 
20 25 25 100 
25 25 25 100 
50 25 25 100 
100 25 25 100 
1 50 25 100 
2 50 25 100 
4 50 25 100 
5 50 25 100 
10 50 25 100 
20 50 25 100 
25 50 25 100 
50 50 25 100 
100 50 25 100 
1 100 25 100 
2 100 25 100 
4 100 25 100 
5 100 25 100 
10 100 25 100 
20 100 25 100 
25 100 25 100 
50 100 25 100 
100 100 25 100 
1 1 50 100 
2 1 50 100 
4 1 50 100 
5 1 50 100 
10 1 50 100 
20 1 50 100 
25 1 50 100 
50 1 50 100 
100 1 50 100 
1 2 50 100 
2 2 50 100 
4 2 50 100 
5 2 50 100 
10 2 50 100 
20 2 50 100 
25 2 50 100 
50 2 50 100 
100 2 50 100 
1 4 50 100 
2 4 50 100 
4 4 50 100 
5 4 50 100 
10 4 50 100 
20 4 50 100 
25 4 50 100 
50 4 50 100 
100 4 50 100 
1 5 50 100 
2 5 50 100 
4 5 50 100 
5 5 50 100 
10 5 50 100 
20 5 50 100 
25 5 50 100 
50 5 50 100 
100 5 50 100 
1 10 50 100 
2 10 50 100 
4 10 50 100 
5 10 50 100 
10 10 50 100 
20 10 50 100 
25 10 50 100 
50 10 50 100 
100 10 50 100 
1 20 50 100 
2 20 50 100 
4 20 50 100 
5 20 50 100 
10 20 50 100 
20 20 50 100 
25 20 50 100 
50 20 50 100 
100 20 50 100 
1 25 50 100 
2 25 50 100 
4 25 50 100 
5 25 50 100 
10 25 50 100 
20 25 50 100 
25 25 50 100 
50 25 50 100 
100 25 50 100 
1 50 50 100 
2 50 50 100 
4 50 50 100 
5 50 50 100 
10 50 50 100 
20 50 50 100 
25 50 50 100 
50 50 50 100 
100 50 50 100 
1 100 50 100 
2 100 50 100 
4 100 50 100 
5 100 50 100 
10 100 50 100 
20 100 50 100 
25 100 50 100 
50 100 50 100 
100 100 50 100 
1 1 100 100 
2 1 100 100 
4 1 100 100 
5 1 100 100 
10 1 100 100 
20 1 100 100 
25 1 100 100 
50 1 100 100 
100 1 100 100 
1 2 100 100 
2 2 100 100 
4 2 100 100 
5 2 100 100 
10 2 100 100 
20 2 100 100 
25 2 100 100 
50 2 100 100 
100 2 100 100 
1 4 100 100 
2 4 100 100 
4 4 100 100 
5 4 100 100 
10 4 100 100 
20 4 100 100 
25 4 100 100 
50 4 100 100 
100 4 100 100 
1 5 100 100 
2 5 100 100 
4 5 100 100 
5 5 100 100 
10 5 100 100 
20 5 100 100 
25 5 100 100 
50 5 100 100 
100 5 100 100 
1 10 100 100 
2 10 100 100 
4 10 100 100 
5 10 100 100 
10 10 100 100 
20 10 100 100 
25 10 100 100 
50 10 100 100 
100 10 100 100 
1 20 100 100 
2 20 100 100 
4 20 100 100 
5 20 100 100 
10 20 100 100 
20 20 100 100 
25 20 100 100 
50 20 100 100 
100 20 100 100 
1 25 100 100 
2 25 100 100 
4 25 100 100 
5 25 100 100 
10 25 100 100 
20 25 100 100 
25 25 100 100 
50 25 100 100 
100 25 100 100 
1 50 100 100 
2 50 100 100 
4 50 100 100 
5 50 100 100 
10 50 100 100 
20 50 100 100 
25 50 100 100 
50 50 100 100 
100 50 100 100 
1 100 100 100 
2 100 100 100 
4 100 100 100 
5 100 100 100 
10 100 100 100 
20 100 100 100 
25 100 100 100 
50 100 100 100 
100 100 100 100 
