BASE:3
DIM:2
SZYMCZAK
Zn Module
RELATION
EVERY CLASS HAS A MAP
===
---
-
0:
1
-
Z3xZ3:
100010001100010001100010001100010001100010001100010001100010001100010001100010001
100000000000000001000010000000010000100000000000000001000000001000010000100000000
100001010100001010100001010001010100001010100001010100010100001010100001010100001
111111111111111111111111111111111111111111111111111111111111111111111111111111111
100000000000010000000000001000000001100000000000010000000010000000000001100000000
100001010010100001001010100100001010010100001001010100100001010010100001001010100
100001010001010100010100001010100001100001010001010100001010100010100001100001010
100001010010100001001010100001010100100001010010100001010100001001010100100001010
100001010100001010100001010010100001010100001010100001001010100001010100001010100
100001010001010100010100001100001010001010100010100001100001010001010100010100001
100010001010001100001100010100010001010001100001100010100010001010001100001100010
100010001100010001100010001001100010001100010001100010010001100010001100010001100
100010001100010001100010001010001100010001100010001100001100010001100010001100010
100010001001100010010001100100010001001100010010001100100010001001100010010001100
100010001010001100001100010010001100001100010100010001001100010100010001010001100
100010001001100010010001100001100010010001100100010001010001100100010001001100010
111000000000111000000000111111000000000111000000000111111000000000111000000000111
111000000000000111000111000000111000111000000000000111000000111000111000111000000
111000000000000111000111000000000111000111000111000000000111000111000000000000111
111000000000000111000111000111000000000000111000111000111000000000000111000111000
100100100100100100100100100001001001001001001001001001010010010010010010010010010
111000000000111000000000111000111000000000111111000000000000111111000000000111000
111000000000111000000000111000000111111000000000111000000111000000000111111000000
100100100001001001010010010010010010100100100001001001001001001010010010100100100
100100100001001001010010010001001001010010010100100100010010010100100100001001001
100100100100100100100100100010010010010010010010010010001001001001001001001001001
100100100010010010001001001010010010001001001100100100001001001100100100010010010
100100100010010010001001001001001001100100100010010010010010010001001001100100100
100001010100001010100001010100001010100001010100001010100001010100001010100001010
100000000000000010000001000000000010000001000100000000000001000100000000000000010
100000000100000000100000000001000000001000000001000000010000000010000000010000000
111000000111000000111000000111000000111000000111000000111000000111000000111000000
100000000000001000000000010000001000000000010100000000000000010100000000000001000
100000000100000000100000000010000000010000000010000000001000000001000000001000000
100100100100100100100100100100100100100100100100100100100100100100100100100100100
100000000000000100000100000100000000000000100000100000100000000000000100000100000
100000000000100000000000100100000000000100000000000100100000000000100000000000100
100001010000000000000000000000000000000000000010100001000000000001010100000000000
100001010000000000000000000000000000000000000001010100000000000010100001000000000
111111111000000000000000000000000000000000000111111111000000000111111111000000000
100000000100000000100000000100000000100000000100000000100000000100000000100000000
100001010000000000000000000000000000000000000100001010000000000100001010000000000
100010001000000000000000000000000000000000000100010001000000000100010001000000000
100000000000000000000000000000000000000000000001000000000000000010000000000000000
111000000000000000000000000000000000000000000111000000000000000111000000000000000
100000000000000000000000000000000000000000000000010000000000000000000001000000000
100000000000000000000000000000000000000000000000000001000000000000010000000000000
100000000000000000000000000000000000000000000000000100000000000000100000000000000
100100100000000000000000000000000000000000000100100100000000000100100100000000000
100000000000000000000000000000000000000000000010000000000000000001000000000000000
111111111000000000000000000000000000111111111000000000000000000000000000111111111
100000000000000000000000000000000000000000000100000000000000000100000000000000000
100000000000000000000000000000000000000000000000100000000000000000000100000000000
100010001000000000000000000000000000001100010000000000000000000000000000010001100
100010001000000000000000000000000000010001100000000000000000000000000000001100010
100000000000000000000000000000000000000001000000000000000000000000000000000000010
100000000000000000000000000000000000000000010000000000000000000000000000000001000
100001010000000000000000000000000000100001010000000000000000000000000000100001010
111000000000000000000000000000000000111000000000000000000000000000000000111000000
100010001000000000000000000000000000100010001000000000000000000000000000100010001
100100100000000000000000000000000000100100100000000000000000000000000000100100100
100000000000000000000000000000000000010000000000000000000000000000000000001000000
100000000000000000000000000000000000001000000000000000000000000000000000010000000
100000000000000000000000000000000000100000000000000000000000000000000000100000000
100000000000000000000000000000000000000100000000000000000000000000000000000000100
100000000000000000000000000000000000000000100000000000000000000000000000000100000
111111111111111111111111111000000000000000000000000000000000000000000000000000000
111000000000111000000000111000000000000000000000000000000000000000000000000000000
111000000000000111000111000000000000000000000000000000000000000000000000000000000
100001010100001010100001010000000000000000000000000000000000000000000000000000000
100000000000000001000010000000000000000000000000000000000000000000000000000000000
100010001100010001100010001000000000000000000000000000000000000000000000000000000
100000000000001000000000010000000000000000000000000000000000000000000000000000000
100000000000000010000001000000000000000000000000000000000000000000000000000000000
111000000111000000111000000000000000000000000000000000000000000000000000000000000
100000000000010000000000001000000000000000000000000000000000000000000000000000000
100000000000100000000000100000000000000000000000000000000000000000000000000000000
100000000000000100000100000000000000000000000000000000000000000000000000000000000
100100100100100100100100100000000000000000000000000000000000000000000000000000000
111111111000000000000000000111111111000000000000000000111111111000000000000000000
100000000100000000100000000000000000000000000000000000000000000000000000000000000
100100100000000000000000000001001001000000000000000000010010010000000000000000000
100000000000000000000000000000001000000000000000000000000000010000000000000000000
100000000000000000000000000000000010000000000000000000000001000000000000000000000
100001010000000000000000000100001010000000000000000000100001010000000000000000000
100100100000000000000000000010010010000000000000000000001001001000000000000000000
100000000000000000000000000000010000000000000000000000000000001000000000000000000
100000000000000000000000000000000001000000000000000000000010000000000000000000000
100010001000000000000000000100010001000000000000000000100010001000000000000000000
100100100000000000000000000100100100000000000000000000100100100000000000000000000
100000000000000000000000000010000000000000000000000000001000000000000000000000000
100000000000000000000000000001000000000000000000000000010000000000000000000000000
111000000000000000000000000111000000000000000000000000111000000000000000000000000
100000000000000000000000000100000000000000000000000000100000000000000000000000000
111000000000000000000000000000000000000000000000000000000000000000000000000000000
100010001000000000000000000000000000000000000000000000000000000000000000000000000
100001010000000000000000000000000000000000000000000000000000000000000000000000000
111111111000000000000000000000000000000000000000000000000000000000000000000000000
100000000000000000000000000000000000000000000000000000000000000000000000000000000
100100100000000000000000000000000000000000000000000000000000000000000000000000000
-
Z3:
111111111
100100100
100000000
111000000
---
-
Z3xZ3:
100000000000000001000010000100000000000000001000010000100000000000000001000010000
100000000100000000100000000000000001000000001000000001000010000000010000000010000
100000000000010000000000001000010000000000001100000000000000001100000000000010000
100001010001010100010100001001010100010100001100001010010100001100001010001010100
100010001001100010010001100010001100100010001001100010001100010010001100100010001
111000000111000000111000000000000111000000111000000111000111000000111000000111000
100100100001001001010010010100100100001001001010010010100100100001001001010010010
100000000100000000100000000000000010000000010000000010000001000000001000000001000
100000000000001000000000010100000000000001000000000010100000000000001000000000010
100000000000000010000001000000001000100000000000000010000000010000001000100000000
100000000001000000010000000001000000010000000100000000010000000100000000001000000
100000000001000000010000000100000000001000000010000000100000000001000000010000000
100000000001000000010000000010000000100000000001000000001000000010000000100000000
100000000100000000100000000000000100000000100000000100000100000000100000000100000
100000000000000100000100000000000100000100000100000000000100000100000000000000100
100000000000100000000000100000000100100000000000100000000100000000000100100000000
111000000000000000000000000000000000000000000000000111000000000000111000000000000
100010001000000000000000000000000000000000000001100010000000000010001100000000000
100100100000000000000000000000000000000000000010010010000000000001001001000000000
100000000000000000000000000000000000000000000000000010000000000000001000000000000
100001010000000000000000000000000000010100001000000000000000000000000000001010100
100100100000000000000000000000000000001001001000000000000000000000000000010010010
111000000000000000000000000000000000000000111000000000000000000000000000000111000
100000000000000000000000000000000000000000001000000000000000000000000000000010000
100001010001010100010100001000000000000000000000000000000000000000000000000000000
100010001001100010010001100000000000000000000000000000000000000000000000000000000
100100100001001001010010010000000000000000000000000000000000000000000000000000000
100000000001000000010000000000000000000000000000000000000000000000000000000000000
100001010000000000000000000001010100000000000000000000010100001000000000000000000
100010001000000000000000000010001100000000000000000000001100010000000000000000000
111000000000000000000000000000000111000000000000000000000111000000000000000000000
100000000000000000000000000000000100000000000000000000000100000000000000000000000
-
Z3:
100001010
---
-
Z3xZ3:
100000000100000000100000000000010000000010000000010000000000001000000001000000001
100000000000010000000000001100000000000010000000000001100000000000010000000000001
100000000000000001000010000000000001000010000100000000000010000100000000000000001
100001010010100001001010100010100001001010100100001010001010100100001010010100001
100010001010001100001100010001100010100010001010001100010001100001100010100010001
111000000111000000111000000000111000000111000000111000000000111000000111000000111
100100100010010010001001001100100100010010010001001001100100100010010010001001001
100000000000000010000001000100000000000000010000001000100000000000000010000001000
100000000100000000100000000000001000000001000000001000000000010000000010000000010
100000000000001000000000010000000010100000000000001000000001000000000010100000000
100000000010000000001000000001000000100000000010000000010000000001000000100000000
100000000010000000001000000100000000010000000001000000100000000010000000001000000
100000000010000000001000000010000000001000000100000000001000000100000000010000000
100000000000000100000100000000100000100000000000000100000000100000100000100000000
100000000100000000100000000000100000000100000000100000000000100000000100000000100
100000000000100000000000100000100000000000100100000000000000100100000000000100000
100010001000000000000000000000000000000000000010001100000000000001100010000000000
100100100000000000000000000000000000000000000001001001000000000010010010000000000
111000000000000000000000000000000000000000000000111000000000000000000111000000000
100000000000000000000000000000000000000000000000001000000000000000000010000000000
100001010000000000000000000000000000001010100000000000000000000000000000010100001
100100100000000000000000000000000000010010010000000000000000000000000000001001001
111000000000000000000000000000000000000111000000000000000000000000000000000000111
100000000000000000000000000000000000000010000000000000000000000000000000000000001
100001010010100001001010100000000000000000000000000000000000000000000000000000000
100010001010001100001100010000000000000000000000000000000000000000000000000000000
100100100010010010001001001000000000000000000000000000000000000000000000000000000
100000000010000000001000000000000000000000000000000000000000000000000000000000000
100010001000000000000000000001100010000000000000000000010001100000000000000000000
100001010000000000000000000010100001000000000000000000001010100000000000000000000
111000000000000000000000000000111000000000000000000000000000111000000000000000000
100000000000000000000000000000100000000000000000000000000000100000000000000000000
-
Z3:
100010001
---
-
Z3xZ3:
100000000000000001000010000000000100000001000010000000000100000001000000000000010
100000000001000000010000000000000010000000100000000001000001000000010000000100000
100000000000000100000100000000010000010000000000000010000000001000001000001000000
100000000001000000010000000000000001000000010000000100000010000000100000000001000
100000000000100000000000100000001000000000001001000000000000010010000000000010000
100000000000001000000000010000000100001000000000010000000100000000000001010000000
100000000000010000000000001001000000000100000000000010010000000000001000000000100
100000000000000010000001000010000000000000001000100000001000000000000100000010000
---
-
Z3xZ3:
100000000001000000010000000000001000000010000000100000000000010000000100000000001
100000000000100000000000100010000000000010000000000010001000000000001000000000001
100000000001000000010000000000100000000001000000010000000000100000000001000000010
100000000000001000000000010000100000000000001010000000000000100001000000000010000
100000000010000000001000000000000010000000001000000100000001000000100000000010000
100000000010000000001000000000000001000000100000000010000010000000001000000100000
100000000010000000001000000000000100000000010000000001000100000000010000000001000
100000000000010000000000001000000100010000000000001000000100000000000010001000000
100000000000000100000100000001000000000000001000001000010000000000000010000010000
100000000000000001000010000000100000001000000000000010000000100000001000010000000
100000000001000000010000000000010000000100000000001000000000001000000010000000100
100000000000000010000001000000000100000010000001000000000100000010000000000000001
---
-
Z3xZ3:
100000000000000100000100000000000010000010000010000000000001000001000000000000001
100000000000000001000010000010000000000000100000001000001000000000000010000100000
100000000000100000000000100000000001001000000000001000000010000000000010010000000
100000000000001000000000010001000000000010000000000100010000000000100000000000001
100000000010000000001000000000010000000001000000100000000000001000000100000000010
100000000010000000001000000000001000000100000000010000000000010000000001000000100
100000000000000010000001000000100000010000000000000001000000100000010000001000000
100000000000010000000000001000100000000000010001000000000000100010000000000001000
---
-
Z3xZ3:
100000000000100000000000100000010000000000010010000000000000001001000000000001000
100000000000000100000100000000001000001000000000000001000000010000010000010000000
100000000000001000000000010000000001010000000000100000000010000000000100001000000
100000000000000010000001000001000000000000100000010000010000000000000001000100000
100000000000000001000010000000000010000100000001000000000001000010000000000000100
100000000000010000000000001010000000000001000000000100001000000000100000000000010
---
-
Z3xZ3:
100000000000100000000000100001000000000001000000000001010000000000010000000000010
100000000000000100000100000010000000000000010000010000001000000000000001000001000
100000000000000001000010000000001000010000000000000100000000010000100000001000000
100000000000001000000000010000010000000000100001000000000000001010000000000100000
100000000000000010000001000000000001000100000010000000000010000001000000000000100
100000000000010000000000001000000010001000000000100000000001000000000100010000000
---
-
Z3xZ3:
100000000000000001000010000001000000000000010000100000010000000000000100000001000
100000000000000100000100000000000001000001000001000000000010000010000000000000010
100000000000100000000000100000000010010000000000010000000001000000000001001000000
100000000000001000000000010010000000000100000000000001001000000000010000000000100
100000000000000010000001000000010000001000000000000100000000001000100000010000000
100000000000010000000000001000001000000000100010000000000000010001000000000100000
---
-
Z3xZ3:
100000000001000000010000000000000100000000001000000010000100000000001000000010000
---
-
Z3xZ3:
100000000010000000001000000000100000000010000000001000000000100000000010000000001

